5978.0969107142855 4.205791666794643 -0.08010071428571429 0.3170239560166381 1.1475716607142856 1.48400804:12 [612/1990]
831.8751676749379 0.2640866953690148 0.2058107556527279 0.6810411063280138 0.2971137557826593 0.5270303780458729

::::::::::::::::::::::::::::::::::::::
goodMS700
::::::::::::::::::::::::::::::::::::::

GP rad - MS stars. 50_20_1000, target_accept=0.95, TD 20.
target_accept= 0.95
Initializing NUTS using jitter+adapt_diag...
Multiprocess sampling (4 chains in 4 jobs)
NUTS: [log_ls, log_eta, u_rotated__, log_ls_v, log_eta_v, alpha_log_var, u_rotated_log_var_f]

  Progress                        Draws   Divergences   Step size   Grad evals   Sampling Speed   Elapsed    Remaining
 ──────────────────────────────────────────────────────────────────────────────────────────────────────────────────────
  ─────────────────────────────   2500    146           0.00        8191         15.80 s/draws    10:58:05   0:00:00
  ─────────────────────────────   2500    151           0.00        2771         13.93 s/draws    9:40:13    0:00:00
  ─────────────────────────────   2500    148           0.00        8191         15.21 s/draws    10:33:34   0:00:00
  ─────────────────────────────   2500    176           0.00        8191         14.49 s/draws    10:03:41   0:00:00

Sampling 4 chains for 1_500 tune and 1_000 draw iterations (6_000 + 4_000 draws total) took 39499 seconds.
There were 621 divergences after tuning. Increase `target_accept` or reparameterize.
The rhat statistic is larger than 1.01 for some parameters. This indicates problems during sampling. See https://arxiv.o
rg/abs/1903.08008 for details
The effective sample size per chain is smaller than 100 for some parameters.  A higher number is needed for reliable rha
t and ess computation. See https://arxiv.org/abs/1903.08008 for details
AZ Stats for ESS Bulk < 400:

                      mean     sd  hdi_3%  hdi_97%  mcse_mean  mcse_sd  ess_bulk  ess_tail  r_hat       04:12 [585/1990]
ls[3]               1.358  0.280   1.040    1.884      0.022    0.036     220.0     224.0   1.01
log_ls[3]           0.290  0.171   0.056    0.646      0.014    0.016     220.0     224.0   1.01
mu__[330]          -0.256  0.170  -0.556    0.076      0.010    0.006     287.0     395.0   1.01
u_rotated__[2]      0.556  0.109   0.378    0.778      0.006    0.003     330.0     645.0   1.01
__f[19]             0.101  0.019   0.068    0.138      0.001    0.001     339.0     650.0   1.01
u_rotated__[5]      0.052  0.132  -0.171    0.326      0.008    0.005     339.0     383.0   1.01
log_var[19]        -4.624  0.369  -5.279   -3.899      0.020    0.009     339.0     650.0   1.01
log_var[201]       -4.650  0.334  -5.224   -3.975      0.018    0.009     342.0     697.0   1.01
__f[201]            0.099  0.017   0.070    0.132      0.001    0.001     342.0     697.0   1.01
mu_log_var_f[317]  -7.397  2.418 -11.834   -3.225      0.130    0.048     344.0     744.0   1.01
__f[553]            0.082  0.015   0.057    0.110      0.001    0.000     349.0     830.0   1.01
log_var[553]       -5.034  0.355  -5.676   -4.352      0.019    0.008     349.0     830.0   1.01
__f[160]            0.099  0.022   0.060    0.142      0.001    0.001     350.0     784.0   1.01
log_var[160]       -4.671  0.440  -5.476   -3.830      0.024    0.010     350.0     784.0   1.01
mu_log_var_f[225]  -6.580  1.930 -10.151   -3.121      0.102    0.039     355.0     972.0   1.01
mu__[260]          -0.075  0.051  -0.164    0.026      0.003    0.002     355.0     480.0   1.01
mu_log_var_f[58]   -7.272  2.252 -11.235   -3.267      0.119    0.045     356.0     945.0   1.01
log_var[278]       -5.095  0.461  -5.949   -4.233      0.024    0.010     357.0    1036.0   1.01
__f[278]            0.080  0.019   0.048    0.117      0.001    0.000     357.0    1036.0   1.01
__f[291]            0.082  0.014   0.059    0.109      0.001    0.000     360.0     791.0   1.01
log_var[291]       -5.028  0.328  -5.600   -4.380      0.017    0.007     360.0     791.0   1.01
log_var[330]       -3.899  0.394  -4.634   -3.153      0.021    0.011     361.0     698.0   1.01
__f[330]            0.145  0.030   0.094    0.200      0.002    0.001     361.0     698.0   1.01
__f[317]            0.011  0.015   0.000    0.037      0.001    0.001     367.0     928.0   1.01
log_var[317]      -10.254  2.267 -13.993   -6.107      0.119    0.041     367.0     928.0   1.01
log_var[430]       -4.806  0.305  -5.360   -4.225      0.016    0.007     368.0     678.0   1.00
__f[430]            0.092  0.014   0.067    0.119      0.001    0.000     368.0     678.0   1.00
mu_log_var_f[299]  -1.517  1.281  -3.872   -0.005      0.064    0.044     373.0    1076.0   1.01
u_rotated__[11]     0.469  0.161   0.185    0.773      0.009    0.007     375.0     455.0   1.00
__f[3]              0.132  0.021   0.099    0.173      0.001    0.001     375.0     591.0   1.01
log_var[3]         -4.079  0.302  -4.623   -3.511      0.016    0.009     375.0     591.0   1.01
__f[225]            0.013  0.012   0.001    0.036      0.001    0.001     377.0     933.0   1.01
log_var[225]       -9.437  1.705 -12.375   -6.267      0.088    0.034     377.0     933.0   1.01
mu__[529]          -1.183  0.014  -1.208   -1.159      0.001    0.000     379.0     908.0   1.01
log_var[58]       -10.130  2.068 -13.731   -6.487      0.107    0.039     380.0    1014.0   1.01
u__[49]            -1.183  0.014  -1.208   -1.158      0.001    0.000     380.0     924.0   1.01
__f[58]             0.011  0.013   0.000    0.034      0.001    0.001     380.0    1014.0   1.01
log_var[540]       -7.724  0.852  -9.231   -6.048      0.044    0.019     383.0     741.0   1.00
__f[70]             0.071  0.010   0.053    0.089      0.001    0.000     383.0     843.0   1.01
__f[540]            0.023  0.011   0.008    0.043      0.001    0.000     383.0     741.0   1.00
log_var[70]        -5.323  0.277  -5.842   -4.817      0.014    0.005     383.0     843.0   1.01
log_var[384]       -7.748  0.798  -9.145   -6.196      0.041    0.016     385.0     870.0   1.00
__f[384]            0.023  0.010   0.008    0.041      0.001    0.000     385.0     870.0   1.00
log_var[40]        -7.683  1.245 -10.056   -5.426      0.063    0.026     390.0     894.0   1.01
__f[40]             0.026  0.017   0.004    0.057      0.001    0.001     390.0     894.0   1.01
mu__[454]          -1.427  0.025  -1.469   -1.378      0.001    0.001     391.0     498.0   1.01
mu_log_var_f[540]  -4.867  1.160  -6.989   -2.688      0.058    0.021     396.0     816.0   1.00
mu__[82]           -1.949  0.013  -1.968   -1.923      0.001    0.001     397.0     442.0   1.01
rhats:  [('log_ls', 1.009970284747845), ('log_eta', 1.008664593911679), ('u_rotated__', 1.0121902281291866), ('log_ls_v'
, 1.0078851343988118), ('log_eta_v', 1.0020529693675138), ('alpha_log_var', 1.0023154872279505), ('u_rotated_log_var_f',
 1.0112377342342207), ('ls', 1.009970284747845), ('eta', 1.008664593911679), ('u__', 1.0088904163832098), ('mu__', 1.010
2498654700283), ('ls_v', 1.0078851343988118), ('eta_v', 1.0020529693675138), ('u_log_var_f', 1.0101212266805026), ('mu_l
og_var_f', 1.0136140608123774), ('log_var', 1.010863195692482), ('__f', 1.010863195692482)]

/Users/user1/miniforge3/envs/bhs_env/lib/python3.11/site-packages/pymc/model/fgraph.py:163: UserWarning: Detected variables likely created by GP objects. Further use of these old GP objects should be avoided as it may reintroduce variables from the old model. See issue: https://github.com/pymc-devs/pymc/issues/6883
  warnings.warn(
Computing ... ──────────────────────────────────────── 100% 0:00:00
/Users/user1/miniforge3/envs/bhs_env/lib/python3.11/site-packages/arviz/stats/stats.py:797: UserWarning: Estimated shape
 parameter of Pareto distribution is greater than 0.70 for one or more samples. You should consider using a more robust
model, this is because importance sampling is less likely to work well if the marginal posterior and LOO posterior are v
ery different. This is more likely to happen with a non-robust model and highly influential observations.
  warnings.warn(
loo trace:  Computed from 4000 posterior samples and 560 observations log-likelihood matrix.

         Estimate       SE
elpd_loo   585.57    39.64
p_loo      117.87        -

There has been a warning during the calculation. Please check the results.
------

Pareto k diagnostic values:
                         Count   Pct.
(-Inf, 0.70]   (good)      533   95.2%
   (0.70, 1]   (bad)        19    3.4%
   (1, Inf)   (very bad)    8    1.4%

/Users/user1/miniforge3/envs/bhs_env/lib/python3.11/site-packages/arviz/stats/stats.py:797: UserWarning: Estimated shape
 parameter of Pareto distribution is greater than 0.70 for one or more samples. You should consider using a more robust
model, this is because importance sampling is less likely to work well if the marginal posterior and LOO posterior are v
ery different. This is more likely to happen with a non-robust model and highly influential observations.
  warnings.warn(
Sampling: [X_new_latent, X_var_new_latent, f_mu_pred, log_var_pred_latent, y_pred]
Sampling ... ──────────────────────────────────────── 100% 0:00:00 / 0:00:02
(4, 1000, 140)
(4, 1000, 140)
(4, 1000, 140)
f range: -2.369600643023184 2.7075159890253393
f std over test points: 1.0220828703279952

means:  [1.99045141 2.16657888 2.48555991 2.21379524 0.9906139  1.98076173
 1.4483352  1.4958809  1.93028893 1.62378882 2.20604773 1.53275164
 1.90423966 1.55620991 0.24345684 2.14793637 1.78958164 1.15720664
 1.03916885 2.38809955 1.70325469 1.4512486  1.31445409 2.62804037
 1.88089167 1.04074177 0.71731558 2.03746164 1.66683243 1.22081744
 1.65635931 0.77788543 2.81442468 0.60982503 1.49688129 1.30471767
 1.66023575 1.16789172 1.68420983 1.43558887 1.82820997 1.50000282
 1.84135297 1.66765989 2.09979859 1.63658778 1.75294669 1.30517145
 1.69406903 1.76471412 2.79227049 1.54433699 2.6486078  1.68756392
 0.99812689 0.77642888 1.5654647  1.25825656 1.98366364 1.53196744
 2.38536303 1.82600493 2.01345288 2.02114186 1.98483202 1.18977944
 1.36730708 1.79546503 2.08560026 1.32395591 2.65466586 0.90447201
 2.07117459 1.57759092 1.10863576 1.987889   1.45154011 2.13078077
 2.14813731 2.41227596 0.78669314 1.54232139 2.03119106 2.46429787
 0.96215836 2.02725047 1.96079571 1.33530781 2.06022309 1.60775058
 1.57101757 1.75689981 2.59702102 1.51604447 1.41782921 2.59302386
 2.38362154 2.47025048 1.55813808 1.47411505 1.16452464 1.80561938
 1.96933757 1.98100123 1.50856187 1.5366117  1.64059264 0.23506747
 2.34930277 0.32808982 2.09388658 1.21503374 1.65557085 1.951366
 1.05441042 1.41338221 2.12906539 1.57914598 1.52370636 1.30089865
 2.91846088 1.41080642 1.31261779 1.88961257 1.47514454 1.40554847
 1.58666145 1.75847858 1.47040962 1.76370699 0.89297751 1.0101359
 1.83909474 2.34525515 0.40288715 1.59661899 1.43586006 0.25487717
 1.88594899 2.50858948]

 stdvs:  [1.51014872e+00 9.05669129e-02 7.28054945e-02 8.23621136e-02   
 1.50775753e-01 5.93539911e-02 3.96366626e-02 5.70830065e-02
 6.97974591e-02 9.28422019e-02 8.57489834e-02 6.99937800e-02
 7.94598640e-02 2.51816595e-02 7.01402639e-02 6.67488168e-02
 2.27731795e-02 2.97978861e-02 7.25628104e-02 9.11976010e-02
 2.49086381e-02 4.39678596e-02 4.68572778e-02 8.00974355e-02
 4.29298466e-02 2.61153964e-02 6.71241670e-02 7.25156370e-02
 5.71584444e-02 1.43505905e-01 3.42606671e-02 4.70990890e+00
 9.10138320e-02 1.61166805e-02 3.60696490e-02 2.93701805e-02
 4.77188180e-02 3.05760117e-02 6.64560988e-02 7.98548315e-02
 3.06903830e-02 5.73345412e-02 5.00783757e-02 4.74589577e-02
 8.36046542e-02 5.84512208e-02 8.55789212e-02 6.41214714e-02
 5.09423705e-02 8.61275110e-02 1.10253053e-01 3.71966696e-02
 7.79508919e-02 2.27657169e-02 6.75016365e-02 1.13873831e-02
 4.34734549e-02 3.92056556e-02 4.36104116e-02 6.86689568e-02
 8.62100297e-02 5.85532575e-02 8.44321128e-02 8.15601066e-02
 6.37551233e-02 3.92036878e-02 2.68824108e-02 5.34848201e-02
 1.05328584e+01 5.32378920e-02 9.23874918e-02 6.98560564e-02
 4.76588832e-02 1.21353790e-01 1.64628027e+00 6.85999468e-02
 2.05703691e-02 5.69547667e-02 9.10504707e-02 8.15645041e-02
 9.50434436e-03 6.88494605e-02 8.12584751e-02 7.26968396e-02
 4.55640035e-02 5.64449712e-02 6.04291938e-02 2.57842928e-02
 7.80148030e-02 1.77420434e-02 2.13824744e-01 4.84059445e-02
 1.31667331e-01 3.19409881e-02 1.97232249e-02 7.90595936e-02
 8.83094243e-02 8.38310572e-02 5.87646722e-02 2.76522749e-02
 2.14653470e-02 1.19975601e+00 9.21177640e-02 5.75748097e-02
 5.48036813e-02 5.86249996e-02 5.55919684e-02 2.86736313e-02
 8.26198002e-02 2.66348874e-02 7.50540907e-02 7.22415693e-02
 7.62531548e-02 5.00832068e-02 2.88664097e-02 5.17713200e-02
  6.28743710e-02 4.43197461e-02 6.68872470e-02 3.23533841e-02
 5.62355035e-01 5.15351445e-02 8.45149511e-02 1.01164721e-01
 5.69320775e-02 5.67210905e-02 8.61192616e-02 6.86254459e-02
 8.18819537e-02 4.99813187e-02 9.81463659e-02 3.29278215e-02
 6.65115003e-02 8.12190807e-02 2.09625527e-02 7.41407065e-02
 3.59338184e-02 3.60909044e-02 5.12654927e-02 8.29807659e-02]

Test set
130    2.01000
425    2.21800
412    2.42900
351    2.14200
551    0.99700
653    1.99840
423    1.48200
164    1.41000
162    1.88000
343    1.57000
452    2.17600
366    1.48800
318    1.85800
555    1.52700
189    0.24235
160    2.08000
146    1.88200
94     1.16900
584    1.05500
431    2.35900
89     1.72700
52     1.41000
91     1.33800
71     2.60000
186    1.87000
489    1.03900
642    0.71900
549    2.04800
373    1.65000
537    1.22400
395    1.65600
636    0.93400
324    2.81400
156    0.61000
470    1.51100
282    1.35700
48     1.64000
696    1.17000
294    1.64100
42     1.44000
501    1.88700
409    1.52600
339    1.80500
101    1.64900
379    2.09200
22     1.71000
306    1.75800
676    1.37000
459    1.67800
394    1.73300
9      2.88000
163    1.50000
254    2.68800
90     1.69400
98     1.00500
119    0.76800
684    1.59000
328    1.28400
60     1.92000
432    1.50100
440    2.34200
502    1.79400
292    1.96800
463    2.05300
316    1.96500
613    1.20000
498    1.34500
477    1.77500
632    1.88200
198    1.31800
341    2.61900
672    0.91000
504    2.12400
420    1.72600
533    0.98800
474    1.99800
607    1.40700
97     2.24400
284    2.08400
66     2.34000
209    0.78900
270    1.54600
478    2.01400
375    2.44500
532    0.96400
37     2.02000
367    2.00200
109    1.34900
14     2.05000
81     1.61400
127    1.83500
348    1.74600
605    2.59000
690    1.53000
496    1.41700
273    2.55000
286    2.33200
47     2.27000
70     1.55000
227    1.46100
80     1.16300
628    1.68000
13     1.88000
181    1.97000
266    1.51100
88     1.58400
335    1.66300
595    0.23700
33     2.27000
600    0.32900
678    2.12000
393    1.14800
400    1.63700
7      1.99000
208    1.04100
171    1.49000
183    2.06000
283    1.56400
57     1.39000
610    1.27600
554    3.22200
56     1.29000
321    1.31600
36     1.81000
449    1.47000
29     1.35000
406    1.53800
461    1.73500
439    1.41400
161    1.74000
153    0.90000
205    1.02300
689    1.81000
467    2.29300
467    2.29300
548    0.40800
247    1.52100
490    1.41400
654    0.25500
338    1.92800
417    2.65600
Name: R, dtype: float64

MAE:  0.04117158698415388
MARD 2.3953295965076884
MRD -0.42811232679616984

Peak Memory: 628.05 MB
CPU time accumulated: 1782.64148 s
Total wall clock time: 39538.82112 s 11hours!
><><><><><><><><><><><><><><><><><><><><><><><><><><