ID	component	M	eM	R	eR	Teff	eTeff	L	eL	logg	elogg	FeH	eFeH	logL	elogL1	elogL2	elogL	logTeff	elogTeff1	elogTeff2	elogTeff
*  11 LMi	NA	0.936	0.015	0.991	0.014	5451.0	46.0	0.781	0.013	4.44	0.02	0.34	0.02	-0.10734896612269966	0.007169468549795943	0.007289813845788334	0.007229641197792139	3.7364761820276966	0.003649554938033983	0.0036804837383672684	0.0036650193382006258
*  12 Oph	NA	0.896	0.01	0.77	0.012	5407.0	47.0	0.4563	0.0076	4.62	0.02	0.03	0.01	-0.34074953122733914	0.00717390374609872	0.007294399239586635	0.0072341514928426776	3.7329563695756245	0.003758764029986761	0.003791579882854279	0.00377517195642052
*  15 Sge	NA	0.991	0.018	1.115	0.019	5824.0	52.0	1.289	0.013	4.35	0.02	0.05	0.02	0.110252917353403	0.004358066878770092	0.004402242968259473	0.004380154923514783	3.765221366304981	0.003860420813238008	0.0038950438835243517	0.00387773234838118
*  20 LMi A	NA	0.967	0.01	1.237	0.019	5609.0	46.0	1.363	0.014	4.25	0.02	0.2	0.02	0.13449585583467355	0.0044380844222501326	0.004483906162769308	0.00446099529250972	3.748885440009517	0.003547169251957083	0.003576380068688767	0.003561774660322925
*  21 Cas	B	1.325	0.007	1.3311	0.0061	6887.0	242.0	3.56	0.5	4.3119	0.0046	0.1	0.06	0.5514499979728752	0.05707603560431895	0.06572857149129518	0.06140230354780707	3.8380300829853202	0.014998531727669295	0.015535097706569356	0.015266814717119326
*  21 Hya	B	1.487	0.013	1.439	0.022	6960.0	210.0	4.4	1.1	4.294	0.014	0.25	0.1	0.6434526764861874	0.09691001300805646	0.1249387366082999	0.11092437480817818	3.842609239610562	0.012909916057238124	0.013305466779537145	0.013107691418387635
*  36 UMa	NA	1.113	0.022	1.105	0.02	6258.0	57.0	1.686	0.017	4.4	0.02	-0.12	0.01	0.2268575702887235	0.004357077673877496	0.004401233609476779	0.004379155641677138	3.7964355588101744	0.003937796081175282	0.0039738274632235004	0.003955811772199391
*  51 Peg	NA	1.005	0.023	1.143	0.018	5745.0	72.0	1.282	0.049	4.33	0.02	0.18	0.01	0.10788802518279862	0.016290030291876492	0.016924948587066946	0.01660748943947172	3.759290033024304	0.005409030774063517	0.0054772494596022625	0.00544314011683289
*  54 Psc	NA	0.864	0.013	0.8619	0.0084	5296.0	31.0	0.5266	0.0066	4.52	0.02	0.14	0.02	-0.2785191452299507	0.005409285971772315	0.005477511135250246	0.0054433985535112805	3.7239479764316434	0.0025347203531862483	0.0025496009101382278	0.002542160631662238
*  61 Cyg A	NA	0.695	0.007	0.6672	0.0049	4397.0	34.0	0.1499	0.004	4.63	0.01	-0.13	0.03	-0.8241983671517206	0.011436986983199282	0.01174634095482785	0.011591663969013566	3.643156465619706	0.0033452844119059577	0.003371252632886179	0.0033582685223960684
*  61 Cyg B	NA	0.613	0.011	0.5943	0.0083	4173.0	47.0	0.0965	0.0035	4.68	0.02	-0.21	0.07	-1.0154726866562074	0.01547268665620738	0.0160443647898576	0.01575852572303249	3.620448384711709	0.004864066249965049	0.004919161074576017	0.004891613662270533
*  61 UMa	NA	0.84	0.003	0.9366	0.0093	5309.0	29.0	0.6278	0.0064	4.42	0.01	-0.05	0.01	-0.20217868863597635	0.004404926327046227	0.004450062445067959	0.004427494386057093	3.725012725341157	0.002365844110332027	0.0023788028073448153	0.0023723234588384212
*  84 Cet	NA	1.176	0.03	1.207	0.028	6309.0	51.0	2.08	0.085	4.36	0.02	-0.02	0.05	0.31806333496276157	0.01739456572662268	0.01812043493999449	0.017757500333308585	3.7999605274059833	0.0034965882424304873	0.003524968595808975	0.003510778419119731
*  85 Peg	NA	0.774	0.004	0.948	0.011	5444.0	30.0	0.711	0.011	4.39	0.03	-0.79	0.03	-0.14813039927023372	0.006667596839872836	0.006771560715509467	0.006719578777691151	3.735918116531297	0.0023866765428079972	0.0023998650968093393	0.0023932708198086683
* 107 Psc	NA	0.813	0.008	0.8216	0.0034	5128.0	71.0	0.42	0.023	4.52	0.01	-0.04	0.01	-0.37675070960209955	0.02315443582516913	0.02445878363478543	0.02380660972997728	3.709948016510761	0.00597180092281846	0.006055062878216333	0.006013431900517396
* alf Cen C	NA	0.124	0.003	0.1544	0.001	2900.0	54.0	0.00152	0.00011	5.154	0.012	-0.04	0.09	-2.8181564120552274	0.030344016459185053	0.032624475289392496	0.031484245874288774	3.462397997898956	0.008012493076974714	0.008163102150690715	0.008087797613832715
* alf01 Cen	NA	1.0788	0.0029	1.2175	0.0055	5803.0	19.0	1.514	0.015	4.3001	0.0041	0.237	0.007	0.18012587516405396	0.004281610248266149	0.004324242315774468	0.0043029262820203085	3.7636525705645303	0.0014196305382618846	0.0014242862780560195	0.001421958408158952
* alf02 Cen	NA	0.9092	0.0025	0.8591	0.0036	5206.0	17.0	0.4882	0.0049	4.5287	0.0038	0.221	0.016	-0.3114022249188302	0.004337227449967951	0.004380979942289309	0.00435910369612863	3.716504163773217	0.0014158620637769737	0.0014204930782897307	0.0014181775710333522
* b Aql	NA	1.068	0.023	1.355	0.04	5672.0	85.0	1.712	0.017	4.22	0.04	0.38	0.01	0.2335037603411344	0.0042912329327881304	0.004334057802033414	0.004312645367410772	3.75373622217501	0.0064600072801241915	0.0065575508148456585	0.006508779047484925
* bet CVn	NA	0.98	0.036	1.032	0.031	6012.0	91.0	1.253	0.013	4.41	0.04	-0.2	0.01	0.09795107099414996	0.0044826346871862655	0.004529385831914895	0.00450601025955058	3.7790189719148706	0.006524398041722446	0.006623910832870283	0.0065741544372963645
* bet Com	NA	1.042	0.012	1.114	0.011	5929.0	33.0	1.382	0.014	4.37	0.01	0.06	0.01	0.14050804303817957	0.0043773752489627005	0.004421945654082188	0.004399660451522444	3.7729814503449637	0.0024105213516483204	0.0024239754939685554	0.002417248422808438
* chi01 Ori	NA	1.012	0.027	0.9827	0.0095	5882.0	63.0	1.041	0.042	4.47	0.02	-0.03	0.01	0.017450729510536125	0.01717772711478422	0.017885241284553866	0.017531484199669045	3.7695250201710504	0.004626838783659881	0.0046766629776398005	0.004651750880649841
* eps Eri	NA	0.815	0.008	0.7224	0.0038	5130.0	30.0	0.3255	0.0067	4.63	0.01	-0.08	0.01	-0.48744900709578926	0.008848635211164912	0.009032680180135977	0.008940657695650445	3.7101173651118162	0.002532336515395084	0.002547189013879958	0.002539762764637521
* eps Ind	NA	0.719	0.012	0.6877	0.0047	4753.0	35.0	0.2174	0.0057	4.62	0.01	-0.13	0.03	-0.6627404602497242	0.01124003053356204	0.011538681730863809	0.011389356132212924	3.6769678142947586	0.0031863274396144448	0.0032098777451818883	0.0031981025923981665
* kap01 Cet	NA	0.999	0.03	0.933	0.024	5785.0	87.0	0.879	0.028	4.5	0.04	0.04	0.01	-0.056011124926228104	0.013618411986323374	0.01405931498918403	0.013838863487753702	3.7623033632877685	0.006482683620245844	0.006580918384310408	0.006531801002278126
* lam Aur	NA	1.016	0.011	1.324	0.02	5822.0	47.0	1.815	0.019	4.2	0.02	0.06	0.01	0.2588766293721313	0.004522701961870934	0.004570297040845717	0.004546499501358325	3.765072201102792	0.003491908410781175	0.0035202125386102345	0.0035060604746957047
* omi02 Eri	NA	0.769	0.002	0.81	0.0033	5180.0	21.0	0.4255	0.006	4.51	0.01	-0.29	0.01	-0.3711004355793933	0.006081235630621684	0.0061675992558876125	0.006124417443254648	3.714329759745233	0.0017570940295987825	0.0017642318719248706	0.0017606629507618266
* pi.03 Ori	NA	1.28	0.017	1.3162	0.0042	6517.0	35.0	2.815	0.06	4.31	0.01	0.03	0.03	0.44947839918736504	0.009159449838284262	0.009356795999561185	0.009258122918922723	3.8140477209955996	0.0023261677567623096	0.0023386942994085835	0.0023324310280854466
* psi Ser A	NA	0.956	0.037	0.949	0.024	5665.0	91.0	0.836	0.033	4.47	0.04	0.05	0.01	-0.07779372256098363	0.016813499009650096	0.017490732160335462	0.01715211558499278	3.753199914199416	0.0069208710651516014	0.007032949822130874	0.006976910443641238
* rho01 Cnc	NA	0.891	0.004	0.979	0.015	5168.0	44.0	0.6162	0.0094	4.41	0.02	0.32	0.02	-0.21027830601907818	0.006575046070869728	0.006676121866228929	0.006625583968549328	3.7133225049870275	0.0036819020535197033	0.0037133839143788094	0.0036976429839492564
* sig CrB A	a	1.137	0.037	1.244	0.05	6050.0	150.0	1.87	0.24	4.304	0.038	-0.06	0.03	0.27184160653649897	0.05244084876119376	0.05965400213254113	0.056047425446867444	3.781755374652469	0.010636314845784867	0.010903363010324796	0.010769838928054831
* sig CrB A	b	1.09	0.036	1.244	0.05	5870.0	150.0	1.66	0.22	4.286	0.038	-0.06	0.03	0.22010808804005508	0.05404976122362473	0.06174559594480544	0.05789767858421509	3.7686381012476144	0.010958390010209929	0.01124207245459008	0.011100231232400004
* sig Dra	NA	0.777	0.008	0.777	0.0068	5288.0	27.0	0.4254	0.0043	4.56	0.02	-0.21	0.01	-0.37120251443328983	0.00436786811719303	0.004412244146445143	0.004390056131819087	3.723291446477584	0.002211822381731565	0.002223144680424838	0.0022174835310782015
* tet Per	NA	1.168	0.004	1.3218	0.0099	6205.0	27.0	2.333	0.025	4.26	0.01	0.01	0.01	0.36791473879375264	0.0046290619653177045	0.00467893431005878	0.004653998137688242	3.7927417858347487	0.001885658829759329	0.001893881869317049	0.001889770349538189
* w Her	NA	0.847	0.005	1.136	0.019	5823.0	50.0	1.338	0.014	4.26	0.03	-0.39	0.01	0.12645611343180432	0.0045205781738128226	0.004568128328123172	0.004544353250967997	3.7651467901080253	0.0037132107349315824	0.0037452326093943	0.003729221672162941
2MASS J00024841-2953539	A	0.3978	0.0033	0.4037	0.0048	3373.0	39.0	0.01905	0.00088	4.826	0.01	0.04	0.04	-1.7201050199883618	0.019612318688849495	0.020540052703603706	0.0200761856962266	3.5280163411892014	0.0049926813062839415	0.0050507456972148645	0.005021713501749403
2MASS J00024841-2953539	B	0.2245	0.0018	0.2759	0.0055	3228.0	45.0	0.00759	0.00052	4.908	0.017	0.04	0.06	-2.1197582241045194	0.028779078315675388	0.030822362098581024	0.029800720207128206	3.5089335260500327	0.006012479257971659	0.006096887429029696	0.0060546833435006775
2MASS J06481917-0306077	NA	1.209	0.034	1.22	0.012	6343.0	74.0	2.17	0.11	4.348	0.004	0.04	0.03	0.3364597338485295	0.02147511315192424	0.022592513479376075	0.022033813315650158	3.802294711397464	0.005037327893726573	0.005096441558504861	0.005066884726115717
2MASS J10171027-4622384	B	0.664	0.002	0.6929	0.004	5546.0	153.0	0.409	0.046	4.588	0.003	-1.47	0.04	-0.38827669199265824	0.04628808864977063	0.051816682971229266	0.04905238581049995	3.743979865241843	0.01181879173198741	0.012149444953680533	0.011984118342833971
2MASS J10193800-0948225	NA	0.734	0.04	0.683	0.013	4652.0	201.0	0.197	0.035	4.635	0.01	-0.08	0.08	-0.7055337738384071	0.07102175872930683	0.08495121161896191	0.07798648517413437	3.667639706056411	0.018370585258874694	0.01918211177388862	0.018776348516381658
2MASS J16232838-2630216	B	0.6051	0.0045	0.6109	0.0091	4808.0	122.0	0.18	0.019	4.645	0.017	-1.2	0.1	-0.744727494896694	0.043580571306400584	0.04844662907145625	0.046013600188928416	3.681964458994683	0.010882460282547246	0.01116217473373915	0.011022317508143198
2MASS J18422295+4305503	NA	0.8	0.03	0.73	0.02	4631.0	93.0	0.165	0.002	4.614	0.029	0.29	0.12	-0.7825160557860937	0.00523252693367704	0.00529633980994848	0.00526443337181276	3.665674780993893	0.008635107947584153	0.008810289444975972	0.008722698696280062
2MASS J18422295+4305503	NA	0.8	0.03	0.73	0.02	4631.0	93.0	0.165	0.002	4.614	0.029	0.29	0.12	-0.7825160557860937	0.00523252693367704	0.00529633980994848	0.00526443337181276	3.665674780993893	0.008635107947584153	0.008810289444975972	0.008722698696280062
2MASS J18430644+4255283	NA	0.78	0.03	0.71	0.02	4512.0	93.0	0.167	0.002	4.628	0.03	0.35	0.12	-0.7772835288524167	0.005170233466090246	0.00523252693367704	0.005201380199883643	3.654369090975286	0.008860543557581924	0.009045089412992535	0.00895281648528723
2MASS J18430644+4255283	NA	0.78	0.03	0.71	0.02	4512.0	93.0	0.167	0.002	4.628	0.03	0.35	0.12	-0.7772835288524167	0.005170233466090246	0.00523252693367704	0.005201380199883643	3.654369090975286	0.008860543557581924	0.009045089412992535	0.00895281648528723
2MASS J18463735+4637506	NA	0.89	0.04	0.8	0.04	5174.0	119.0	0.361	0.005	4.581	0.048	0.11	0.12	-0.4424927980943421	0.005973883488752774	0.006057203932782751	0.006015543710767762	3.7138264243805246	0.00987546961074326	0.010105264453504681	0.00999036703212397
2MASS J18463735+4637506	NA	0.89	0.04	0.8	0.04	5174.0	119.0	0.361	0.005	4.581	0.048	0.11	0.12	-0.4424927980943421	0.005973883488752774	0.006057203932782751	0.006015543710767762	3.7138264243805246	0.00987546961074326	0.010105264453504681	0.00999036703212397
2MASS J18485221+4357010	NA	0.834	0.026	1.118	0.042	5361.0	76.0	0.938	0.083	4.258	0.032	-0.05	0.12	-0.027797161620935564	0.03682290370784577	0.0402367236508918	0.038529813679368786	3.7292458072253067	0.006113525776404227	0.006200815581861807	0.006157170679133017
2MASS J18525791+4622424	A	0.944	0.01	0.833	0.011	5521.0	102.0	0.581	0.046	4.571	0.015	0.09	0.1	-0.2358238676096693	0.033091408440385744	0.035822350369102335	0.03445687940474404	3.7420177471401384	0.007950336369264566	0.008098596127747548	0.008024466248506057
2MASS J18525791+4622424	B	0.1951	0.002	0.215	0.0014	3228.0	97.0	0.00452	0.00055	5.063	0.005	0.09	0.08	-2.344861565188618	0.049869524521954034	0.05634792804826683	0.05310872628511043	3.5089335260500327	0.012858123589090553	0.013250458433117451	0.013054291011104002
2MASS J18571988+4529355	NA	0.84	0.03	0.75	0.03	4968.0	99.0	0.285	0.005	4.612	0.038	0.1	0.12	-0.5451551399914898	0.007553137890445871	0.007686828666291001	0.007619983278368436	3.6961815871685237	0.008569317122147257	0.008741812622629297	0.008655564872388277
2MASS J19024305+5014286	NA	0.918	0.019	1.066	0.009	5647.0	74.0	1.063	0.034	4.344	0.003	-0.15	0.1	0.026533264523296733	0.013673363051414388	0.01411788976086384	0.013895626406139113	3.7518177877368792	0.005654160028788713	0.0057287446806788545	0.005691452354733784
2MASS J19071569+4711176	NA	0.64	0.03	0.6	0.02	4138.0	78.0	0.079	0.008	4.688	0.035	0.02	0.11	-1.1023729087095586	0.04189216132817708	0.04636874257136614	0.04413045194977161	3.616790486329716	0.00811011587477406	0.008264452752521745	0.008187284313647902
2MASS J19071569+4711176	NA	0.64	0.03	0.6	0.02	4138.0	78.0	0.079	0.008	4.688	0.035	0.02	0.11	-1.1023729087095586	0.04189216132817708	0.04636874257136614	0.04413045194977161	3.616790486329716	0.00811011587477406	0.008264452752521745	0.008187284313647902
2MASS J19095615+4647030	NA	0.87	0.03	0.78	0.03	5056.0	108.0	0.361	0.005	4.593	0.037	0.11	0.12	-0.4424927980943421	0.005973883488752774	0.006057203932782751	0.006015543710767762	3.7038070652743285	0.009179168320054387	0.00937737431724539	0.009278271318649889
2MASS J19095615+4647030	NA	0.87	0.03	0.78	0.03	5056.0	108.0	0.361	0.005	4.593	0.037	0.11	0.12	-0.4424927980943421	0.005973883488752774	0.006057203932782751	0.006015543710767762	3.7038070652743285	0.009179168320054387	0.00937737431724539	0.009278271318649889
2MASS J19161817+5145267	A	0.6897	0.0035	0.6489	0.0013	4450.0	150.0	0.149	0.02	4.6527	0.0017	-0.04	0.08	-0.826813731587726	0.054700436201399416	0.062596558113025	0.05864849715721221	3.6483600109809315	0.014397820700642328	0.014891555401344903	0.014644688050993615
2MASS J19183945+4842223	NA	1.059	0.04	1.189	0.012	5982.0	82.0	1.628	0.092	4.314	0.007	-0.02	0.1	0.2116544005531824	0.02387404635436649	0.025263184857689275	0.024568615606027883	3.7768464086952993	0.005912783928697873	0.005994397053155076	0.005953590490926475
2MASS J19200086+4158430	NA	0.74	0.03	0.69	0.02	4439.0	91.0	0.264	0.012	4.63	0.031	0.26	0.12	-0.5783960731301689	0.01930515519538667	0.02020338608828698	0.019754270641836824	3.6472851450253665	0.008813056987465373	0.008995609611109678	0.008904333299287526
2MASS J19200086+4158430	NA	0.74	0.03	0.69	0.02	4439.0	91.0	0.264	0.012	4.63	0.031	0.26	0.12	-0.5783960731301689	0.01930515519538667	0.02020338608828698	0.019754270641836824	3.6472851450253665	0.008813056987465373	0.008995609611109678	0.008904333299287526
2MASS J19211530+3840187	NA	0.86	0.04	0.77	0.03	5083.0	100.0	0.706	0.049	4.6	0.039	0.06	0.1	-0.15119529894819625	0.029142250577384496	0.031239331492023042	0.03019079103470377	3.7061201097027037	0.008461099136827688	0.008629222531646885	0.008545160834237286
2MASS J19211530+3840187	NA	0.86	0.04	0.77	0.03	5083.0	100.0	0.706	0.049	4.6	0.039	0.06	0.1	-0.15119529894819625	0.029142250577384496	0.031239331492023042	0.03019079103470377	3.7061201097027037	0.008461099136827688	0.008629222531646885	0.008545160834237286
2MASS J19232649+3811211	NA	0.83	0.04	0.75	0.03	5072.0	112.0	0.335	0.04	4.607	0.041	-0.03	0.12	-0.47495519296315475	0.04898646069087359	0.055222791058682164	0.05210462587477788	3.7051792448736762	0.009485747988860815	0.009697568383478572	0.009591658186169694
2MASS J19232649+3811211	NA	0.83	0.04	0.75	0.03	5072.0	112.0	0.335	0.04	4.607	0.041	-0.03	0.12	-0.47495519296315475	0.04898646069087359	0.055222791058682164	0.05210462587477788	3.7051792448736762	0.009485747988860815	0.009697568383478572	0.009591658186169694
2MASS J19271460+3900413	NA	0.85	0.03	0.76	0.03	5113.0	100.0	0.406	0.012	4.606	0.038	-0.01	0.1	-0.39147396642280585	0.012650248197841107	0.01302981175161999	0.012840029974730549	3.708675792726537	0.008411932200482308	0.008578088113483151	0.00849501015698273
2MASS J19271460+3900413	NA	0.85	0.03	0.76	0.03	5113.0	100.0	0.406	0.012	4.606	0.038	-0.01	0.1	-0.39147396642280585	0.012650248197841107	0.01302981175161999	0.012840029974730549	3.708675792726537	0.008411932200482308	0.008578088113483151	0.00849501015698273
2MASS J19272811+4624061	NA	0.871	0.023	1.155	0.022	5252.0	69.0	0.918	0.05	4.25	0.02	0.18	0.12	-0.03715731879875755	0.02303267610715125	0.024322956024750556	0.023677816065950902	3.7203247174174416	0.0056685415072808	0.0057435085779102835	0.005706025042595542
2MASS J19322278+3821405	NA	0.823	0.026	1.181	0.023	5427.0	78.0	1.096	0.062	4.206	0.021	-0.16	0.12	0.039810554148350386	0.023898005243067066	0.025290015390426673	0.02459401031674687	3.734559821579476	0.0061975017282946965	0.006287223684458887	0.006242362706376792
2MASS J19323327+4921468	NA	0.83	0.03	0.75	0.03	4961.0	98.0	0.265	0.005	4.607	0.038	0.06	0.12	-0.5767541260631921	0.008117890222179458	0.00827252596598993	0.008195208094084694	3.6955692270361857	0.008495452372381695	0.008664957468008438	0.008580204920195067
2MASS J19323327+4921468	NA	0.83	0.03	0.75	0.03	4961.0	98.0	0.265	0.005	4.607	0.038	0.06	0.12	-0.5767541260631921	0.008117890222179458	0.00827252596598993	0.008195208094084694	3.6955692270361857	0.008495452372381695	0.008664957468008438	0.008580204920195067
2MASS J19351820+4820396	NA	0.87	0.04	0.78	0.03	5084.0	104.0	0.338	0.006	4.593	0.039	0.09	0.12	-0.47108329972234525	0.007641742293875375	0.0077786165736184465	0.007710179433746911	3.7062055418819706	0.008794425530072036	0.008976199122253004	0.00888531232616252
2MASS J19351820+4820396	NA	0.87	0.04	0.78	0.03	5084.0	104.0	0.338	0.006	4.593	0.039	0.09	0.12	-0.47108329972234525	0.007641742293875375	0.0077786165736184465	0.007710179433746911	3.7062055418819706	0.008794425530072036	0.008976199122253004	0.00888531232616252
2MASS J19370697+4126128	A	0.9354	0.0037	0.8843	0.0012	5662.0	143.0	0.724	0.074	4.516	0.001	-0.23	0.2	-0.1402614338028531	0.0422643251535825	0.046825209554291314	0.04454476735393691	3.752969865029084	0.01083235904550861	0.011109470963820645	0.010970915004664628
2MASS J19370697+4126128	B	0.6997	0.0023	0.6518	0.002	4775.0	418.0	0.199	0.071	4.655	0.003	-0.23	0.2	-0.7011469235902933	0.13251068774928065	0.19164310676183838	0.16207689725555952	3.678973375919765	0.03644494667529097	0.03978581598401121	0.03811538132965109
2MASS J19372081+4953518	NA	0.74	0.03	0.68	0.02	4411.0	80.0	0.134	0.002	4.642	0.031	0.24	0.11	-0.8728952016351923	0.006434110005409832	0.006530867158957787	0.00648248858218381	3.6445370577784075	0.00780599728430742	0.007948874048565369	0.007877435666436394
2MASS J19372081+4953518	NA	0.74	0.03	0.68	0.02	4411.0	80.0	0.134	0.002	4.642	0.031	0.24	0.11	-0.8728952016351923	0.006434110005409832	0.006530867158957787	0.00648248858218381	3.6445370577784075	0.00780599728430742	0.007948874048565369	0.007877435666436394
2MASS J19375927+4641231	A	0.8878	0.0051	1.0285	0.0019	5610.0	142.0	0.944	0.096	4.3623	0.002	-0.34	0.2	-0.02502800570193105	0.04206134500071142	0.04657614204135514	0.04431874352103328	3.7489628612561616	0.010856016118664602	0.01113435536037688	0.01099518573952074
2MASS J19375927+4641231	B	0.8095	0.0045	0.7861	0.0022	5200.0	96.0	0.407	0.03	4.5556	0.0016	-0.34	0.2	-0.39040559077478	0.030887027745201745	0.033253059019427156	0.03207004338231445	3.716003343634799	0.00794463279684443	0.008092677921692992	0.008018655359268712
2MASS J19383500+3857475	NA	0.9	0.03	0.82	0.03	5056.0	114.0	1.037	0.064	4.565	0.035	0.09	0.12	0.01577875638904093	0.026008562582710837	0.02766591612068908	0.02683723935169996	3.7038070652743285	0.009683477819613984	0.009904324208267923	0.009793901013940953
2MASS J19383500+3857475	NA	0.9	0.03	0.82	0.03	5056.0	114.0	1.037	0.064	4.565	0.035	0.09	0.12	0.01577875638904093	0.026008562582710837	0.02766591612068908	0.02683723935169996	3.7038070652743285	0.009683477819613984	0.009904324208267923	0.009793901013940953
2MASS J19401065+3955073	NA	0.67	0.03	0.65	0.03	4267.0	87.0	0.151	0.003	4.638	0.045	0.05	0.11	-0.8210230527068306	0.00854377354329372	0.008715231898211995	0.008629502720752857	3.630122642859312	0.008765781845763598	0.008946361084277044	0.008856071465020321
2MASS J19411149+4655136	A	0.957	0.014	0.9361	0.005	5636.0	104.0	0.797	0.059	4.476	0.005	-0.25	0.08	-0.09854167860388763	0.031015443281040903	0.03340195957307082	0.03220870142705586	3.750970984437319	0.00794090796065472	0.008088813000045825	0.008014860480350272
2MASS J19411149+4655136	B	0.342	0.003	0.338	0.002	3357.0	100.0	0.014	0.002	4.914	0.005	-0.25	0.08	-1.853871964321762	0.05799194697768684	0.06694678963061307	0.06246936830414995	3.5259513412480126	0.012748038294394082	0.013133582683139355	0.012940810488766719
2MASS J19415919+4232163	NA	0.905	0.038	0.836	0.017	5237.0	60.0	0.474	0.029	4.55	0.015	0.14	0.12	-0.324221658325915	0.025789643381842364	0.02741833069315347	0.026603987037497917	3.719082573901486	0.004947399034111566	0.0050044089196301655	0.004975903976870866
2MASS J19454459+4438296	A	1.0479	0.0031	1.1617	0.0029	5916.0	123.0	1.49	0.11	4.3284	0.0021	-0.07	0.15	0.17318626841227402	0.030933714243650767	0.03330718201103755	0.03212044812734416	3.772028165324855	0.008936864283461965	0.009124636825797783	0.009030750554629874
2MASS J19454459+4438296	B	1.0207	0.0021	1.0927	0.003	5861.0	135.0	1.28	0.11	4.3703	0.0022	-0.07	0.15	0.10720996964786837	0.03580483060622676	0.03902410790170675	0.037414469253966756	3.767971721381619	0.009889902794622873	0.010120377696039018	0.010005140245330946
2MASS J19480169+4134178	NA	0.86	0.04	0.77	0.03	5119.0	111.0	0.338	0.008	4.6	0.039	0.04	0.12	-0.47108329972234525	0.010159398515121876	0.01040276039976723	0.010281079457444553	3.7091851295502454	0.009316559317028794	0.009520809347872028	0.009418684332450411
2MASS J19480169+4134178	NA	0.86	0.04	0.77	0.03	5119.0	111.0	0.338	0.008	4.6	0.039	0.04	0.12	-0.47108329972234525	0.010159398515121876	0.01040276039976723	0.010281079457444553	3.7091851295502454	0.009316559317028794	0.009520809347872028	0.009418684332450411
2MASS J19495420+4106514	B	0.2352	0.0006	0.2545	0.0008	3236.0	37.0	0.0064	0.00029	4.998	0.003	0.15	0.08	-2.193820026016113	0.019246143783936187	0.020138763741333054	0.01969245376263462	3.5100085129402347	0.004937492367769636	0.004994272856127857	0.0049658826119487465
2MASS J19495420+4106514	C	0.2073	0.0006	0.2315	0.0007	3170.0	36.0	0.00488	0.00022	5.026	0.003	0.15	0.08	-2.3115801779972895	0.019150354095225808	0.02003390531271032	0.019592129703968064	3.5010592622177517	0.004904255800374457	0.004960270085180518	0.004932262942777488
2MASS J19523602+4039222	B	0.9678	0.004	0.9663	0.0058	5768.0	120.0	0.931	0.078	4.4534	0.004	-0.14	0.05	-0.031050319018657353	0.03494148525556793	0.03800064981381957	0.03647106753469375	3.7610252517113727	0.00894254961806995	0.009130563667625324	0.009036556642847637
2MASS J19534877+4517502	NA	0.842	0.023	1.049	0.025	5261.0	70.0	0.762	0.061	4.319	0.023	0.07	0.12	-0.1180450286603995	0.03344486387266932	0.03623695337294182	0.03484090862280557	3.721068301797159	0.005740380727804695	0.0058172729183096905	0.005778826823057193
2MASS J19545035+4649589	B	1.003	0.0085	1.1089	0.0051	6223.0	129.0	1.66	0.14	4.3493	0.0054	-0.35	0.1	0.22010808804005508	0.035164417063250936	0.03826450009528254	0.03671445857926674	3.7939998009844706	0.008910688434569103	0.009097351097815842	0.009004019766192473
2MASS J19580928+4539316	NA	0.74	0.03	0.71	0.03	4718.0	110.0	0.25	0.009	4.605	0.041	-0.05	0.12	-0.6020599913279624	0.015359755409214193	0.015922966097169255	0.015641360753191724	3.6737579365495767	0.010009324875734915	0.010245466134421122	0.010127395505078018
2MASS J19580928+4539316	NA	0.74	0.03	0.71	0.03	4718.0	110.0	0.25	0.009	4.605	0.041	-0.05	0.12	-0.6020599913279624	0.015359755409214193	0.015922966097169255	0.015641360753191724	3.6737579365495767	0.010009324875734915	0.010245466134421122	0.010127395505078018
2MASSI J0850498+194836	A	0.3953	0.002	0.363	0.008	3258.0	90.0	0.0137	0.001	4.915	0.019	0.01	0.04	-1.8632794328435933	0.030596767591769547	0.03291684620044988	0.03175680689610971	3.5129510799724906	0.011834369348731943	0.01216590705503462	0.012000138201883281
2MASSI J0850498+194836	B	0.2098	0.0014	0.272	0.012	3119.0	108.0	0.005	0.0015	4.891	0.039	0.01	0.04	-2.3010299956639813	0.11394335230683694	0.15490195998574308	0.13442265614629	3.4940153747571436	0.014783590646761269	0.015304619244384199	0.015044104945572734
Cl* Melotte   22     AK   II-465	A	1.09	0.01	1.25	0.01	5957.0	123.0	1.76	0.11	4.286	0.021	0.0	0.05	0.24551266781414982	0.02632893872234915	0.028028723600243555	0.027178831161296352	3.7750276000988445	0.008875979173890602	0.009061175313130665	0.008968577243510634
Cl* Melotte   22     AK   II-465	B	0.96	0.02	0.94	0.01	5559.0	154.0	0.76	0.086	4.473	0.033	0.0	0.05	-0.11918640771920865	0.04655677075823217	0.052153695745471504	0.049355233251851836	3.74499667403856	0.011867550021988915	0.012200975749230736	0.012034262885609825
Cl* Melotte   25      S     142	A	0.8798	0.0019	0.825	0.066	5628.0	120.0	0.61	0.11	4.55	0.07	-0.17	0.1	-0.21467016498923297	0.07200266142050141	0.08635983067474823	0.07918124604762482	3.750354088762708	0.009162670699479847	0.009360157177821904	0.009261413938650875
Cl* Melotte   25      S     142	B	0.72697	0.00094	0.363	0.042	4847.0	130.0	0.065	0.017	5.18	0.1	-0.17	0.1	-1.1870866433571443	0.10090049574086102	0.13167211926726852	0.11628630750406477	3.6854730197227594	0.01149462102126364	0.011807143477057469	0.011650882249160555
Cl* Melotte   25   REID     139	A	1.0245	0.0024	0.923	0.015	5649.0	52.0	0.782	0.038	4.518	0.014	0.05	0.05	-0.10679324694015198	0.0206070993238687	0.021633817513969325	0.021120458418919012	3.751971574736327	0.0039794662678049875	0.0040162678295971865	0.003997867048701087
Cl* Melotte   25   REID     139	B	0.7427	0.0015	0.739	0.026	4295.0	99.0	0.168	0.02	4.571	0.032	0.05	0.05	-0.7746907182741372	0.04884856753781697	0.05504756633090535	0.05194806693436116	3.632963168167261	0.009896884417230467	0.010127688645741095	0.010012286531485781
Cl* NGC  752  STOCK      25	B	1.1749	0.0049	1.186	0.0049	6324.0	204.0	2.03	0.26	4.36	0.003	-0.03	0.02	0.3074960379132129	0.0523394444266751	0.05952277155140631	0.055931107989040704	3.8009918612601714	0.013788284485633184	0.014240439114610037	0.01401436180012161
Cl* NGC 104 WSB V69	B	0.8588	0.0059	1.1617	0.0062	5984.0	41.0	1.56	0.05	4.242	0.003	-0.71	0.1	0.1931245983544616	0.01370127767738813	0.014147651061292177	0.013924464369340153	3.776991584856405	0.0029654663905009926	0.0029858545981955587	0.0029756604943482756
Cl* NGC 2682    FBC    2136	A	0.448	0.001	0.4548	0.0036	3192.0	110.0	0.0193	0.0027	4.774	0.0057	0.3	0.11	-1.7144426909922261	0.0568653718144323	0.06544922096771888	0.06115729639107559	3.5040628826786917	0.014714186248083294	0.015230248296291382	0.014972217272187338
Cl* NGC 2682    FBC    2136	B	0.2721	0.0042	0.2913	0.0024	3097.0	107.0	0.0071	0.001	4.9442	0.0039	0.3	0.11	-2.1487416512809245	0.057226670159574056	0.06592851370830832	0.06157759193394119	3.490941205356787	0.014751302055413085	0.01527001703235742	0.015010659543885252
Cl* NGC 2682   SAND    1247	A	1.111	0.015	1.071	0.0089	6095.0	98.0	1.427	0.095	4.424	0.002	0.03	0.04	0.15442397311464698	0.027990679319907036	0.0299197482803647	0.028955213800135868	3.7849737099544005	0.006927370055170634	0.007039661116621243	0.006983515585895939
Cl* NGC 2682   SAND    1247	B	0.748	0.005	0.713	0.032	4710.0	108.0	0.225	0.029	4.607	0.038	0.03	0.04	-0.6478174818886375	0.05265119850857558	0.05992644675488645	0.05628882263173102	3.673020907128896	0.009845888533428493	0.010074292796271589	0.009960090664850041
Cl* NGC 3532   FERN     363	B	1.84	0.01	1.6971	0.0051	8954.0	247.0	16.6	1.5	4.243	0.002	0.02	0.06	1.2201080880400552	0.037570486829129335	0.04113114074688573	0.03935081378800753	3.952017090047426	0.011817940654721859	0.012148545587916448	0.011983243121319154
Cl* NGC 6121  MKTWD   11657	A	0.7842	0.0045	0.9348	0.0047	6166.0	99.0	1.13	0.073	4.388	0.077	-1.2	0.1	0.05307844348341968	0.027187183856425004	0.02900345617599344	0.02809532001620922	3.7900035203904894	0.006917554939679604	0.007029525446441198	0.006973540193060401
Cl* NGC 6121  MKTWD   11657	B	0.7442	0.0043	0.8299	0.0054	5943.0	109.0	0.774	0.058	4.469	0.085	-1.2	0.1	-0.11125903931710739	0.031382365607831364	0.03382793837503707	0.03260515199143422	3.7740057302582093	0.007893189092939679	0.008039305472495428	0.007966247282717553
Cl* NGC 6362    SAW V40	B	0.7947	0.0048	0.997	0.013	6095.0	154.0	1.24	0.13	4.341	0.012	-1.07	0.05	0.09342168516223506	0.04329888199417173	0.04809870637557768	0.0456987941848747	3.7849737099544005	0.01083681471300757	0.011114157577713613	0.010975486145360591
Cl* NGC 6362    SAW V41	A	0.8215	0.0059	1.074	0.0047	6124.0	127.0	1.46	0.11	4.2907	0.0049	-1.07	0.05	0.1643528557844371	0.031546796624796675	0.03401908728943101	0.03278294195711384	3.7870351820262234	0.008914316876579953	0.009101133188444077	0.009007725032512015
Cl* NGC 6362    SAW V41	B	0.7279	0.0047	0.7306	0.0045	5741.0	119.0	0.522	0.044	4.5728	0.006	-1.07	0.05	-0.28232949699773785	0.03514592818600931	0.03824260639014326	0.03669426728807629	3.7589875468676195	0.008910069150471323	0.009096705596197463	0.009003387373334393
Cl* NGC 6791     KR V18	A	0.9955	0.0033	1.1011	0.0068	5600.0	95.0	1.072	0.07	4.3525	0.0056	0.28	0.05	0.03019478535675124	0.02747131855307805	0.02932706382552433	0.02839919118930119	3.7481880270062002	0.007305701408919063	0.007430703698429575	0.007368202553674319
Cl* NGC 6791     KR V18	B	0.9293	0.0032	0.9708	0.0054	5430.0	125.0	0.739	0.069	4.432	0.0051	0.28	0.05	-0.13135556160517428	0.03876692237976047	0.042569635693999325	0.0406682790368799	3.734799829588847	0.009884233688039146	0.010114441351487535	0.00999933751976334
Cl* NGC 6791    SBG    9665	B	0.8276	0.0023	0.7813	0.0052	4819.0	146.0	0.297	0.036	4.5703	0.0059	0.28	0.05	-0.5272435506827877	0.04968778418910752	0.05611594197893133	0.052901863084019424	3.6829569263012085	0.012962326530191248	0.013361145276895137	0.013161735903543192
Cl* NGC 6809    SAW V54	A	0.726	0.015	1.006	0.009	6252.0	72.0	1.38	0.067	4.294	0.01	-1.86	0.15	0.13987908640123647	0.020589444717800942	0.021614360311757147	0.021101902514779045	3.7960189693471493	0.004972891913022082	0.005030494258333462	0.005001693085677772
Cl* NGC 6809    SAW V54	B	0.555	0.0081	0.528	0.005	5023.0	93.0	0.16	0.012	4.737	0.01	-1.86	0.15	-0.7958800173440752	0.031408464251624135	0.03385826726096741	0.032633365756295774	3.700963178159549	0.007967357647067352	0.008116258882318927	0.00804180826469314
Cl* NGC 6811    SAN     195	B	1.4191	0.0091	1.5438	0.0028	7145.0	99.0	5.6	0.31	4.213	0.002	-0.03	0.13	0.7481880270062004	0.023399453875054932	0.02473235497101456	0.024065904423034745	3.854002233126989	0.005976208515031445	0.006059594281765612	0.0060179013983985286
EBLM J0057-19	A	1.067	0.07	1.262	0.032	5580.0	150.0	1.39	0.17	4.263	0.014	0.23	0.09	0.14301480025409505	0.050109798100366504	0.056654969579346834	0.05338238383985667	3.7466341989375787	0.011520423029811155	0.0118343693487315	0.011677396189271327
EBLM J0113+31	B	0.197	0.003	0.215	0.002	3373.0	39.0	0.0054	0.0003	5.068	0.006	-0.3	0.1	-2.2676062401770314	0.02348109584952285	0.02482358372503235	0.0241523397872776	3.5280163411892014	0.0049926813062839415	0.0050507456972148645	0.005021713501749403
EBLM J0228+05	A	1.482	0.094	1.57	0.035	6912.0	134.0	5.07	0.45	4.216	0.01	0.08	0.08	0.705007959333336	0.03693111839586294	0.04036598377721057	0.03864855108653675	3.839603729470837	0.008338909374386638	0.008502164969477644	0.008420537171932141
EBLM J0608-59	A	1.098	0.018	1.321	0.017	6031.0	56.0	2.09	0.09	4.24	0.01	0.01	0.05	0.32014628611105395	0.018310207493550834	0.019116290447072803	0.01871324897031182	3.7803893284709527	0.004013973282055883	0.0040514188507772	0.004032696066416541
EBLM J0608-59	B	0.308	0.003	0.309	0.004	3206.0	133.0	0.0091	0.0015	4.95	0.01	0.01	0.05	-2.0409586076789066	0.06626447294367677	0.07822780004030205	0.07224613649198941	3.505963518018126	0.017652901036244728	0.018400957761747883	0.018026929398996305
EBLM J0627-67	A	1.217	0.082	1.361	0.031	6498.0	117.0	2.97	0.25	4.255	0.01	-0.16	0.13	0.4727564493172124	0.03509942237861852	0.03818754528301366	0.03664348383081609	3.812779707008964	0.007750141514555775	0.00789096238657283	0.007820551950564303
EBLM J0719+25	A	1.142	0.059	1.349	0.028	6026.0	67.0	2.16	0.13	4.236	0.011	0.04	0.05	0.3344537511509309	0.02538173118895709	0.02695771323771795	0.02616972221333752	3.7800291273373383	0.004802050787130696	0.004855741912551448	0.004828896349841072
EBLM J0955-39	A	1.097	0.061	1.061	0.021	6340.0	80.0	1.64	0.11	4.427	0.009	-0.24	0.08	0.21484384804769785	0.028194200638596595	0.030152417230099093	0.029173308934347844	3.802089257881733	0.005445770187120225	0.005514924671303323	0.005480347429211774
EBLM J1013+01	A	0.9	0.05	0.973	0.018	5200.0	80.0	0.624	0.045	4.416	0.007	0.09	0.08	-0.20481541031757602	0.03024152808539915	0.032506025954987805	0.03137377702019348	3.716003343634799	0.006630578899013084	0.006733382658968168	0.006681980778990626
EBLM J1934-42	A	1.061	0.055	0.998	0.02	5648.0	68.0	0.914	0.058	4.465	0.011	0.29	0.05	-0.039053804266168564	0.02672006919244318	0.028472431056678217	0.027596250124560698	3.7518946880437474	0.005197532075185141	0.00526048910616872	0.00522901059067693
EBLM J2046+06	A	1.199	0.062	1.303	0.025	6302.0	70.0	2.41	0.14	4.287	0.009	0.0	0.05	0.3820170425748684	0.02452313785908683	0.025991185381745663	0.025257161620416246	3.799478398837981	0.004797368291113102	0.004850954173472921	0.004824161232293012
Gaia DR3 5413575142952201088	B	0.6841	0.003	0.6871	0.004	5559.0	77.0	0.406	0.023	4.599	0.003	-1.47	0.04	-0.39147396642280585	0.023931258607530148	0.025327259608571406	0.024629259108050777	3.74499667403856	0.005974310398758842	0.006057642835080479	0.0060159766169196605
HD   4628	NA	0.762	0.012	0.6937	0.0032	5092.0	33.0	0.2915	0.0071	4.64	0.01	-0.26	0.01	-0.5353614409049672	0.010451244293973705	0.010708967037304173	0.01058010566563894	3.706888394981618	0.002805474746173875	0.0028237155730503893	0.002814595159612132
HD   4747	NA	0.797	0.021	0.79	0.014	5350.0	50.0	0.4606	0.0046	4.55	0.03	-0.23	0.02	-0.33667606637178765	0.004315772428198472	0.004359090963777346	0.004337431695987909	3.7283537820212285	0.004039977801740147	0.004077912420439311	0.004058945111089729
HD  10069	NA	1.362	0.033	1.276	0.011	6599.0	48.0	2.78	0.094	4.361	0.004	0.22	0.03	0.4440447959180762	0.01444196788013058	0.014938787585379698	0.014690377732755139	3.8194781283621224	0.0031475504120184183	0.003170528930182659	0.0031590396711005386
HD  16031	NA	0.8	0.02	1.09	0.04	6266.0	31.0	1.65	0.13	4.27	0.04	-1.63	0.05	0.21748394421390627	0.032936058094987675	0.03564035626913373	0.0342882071820607	3.7969903905456865	0.0021433027563761975	0.0021539327311250744	0.002148617743750636
HD  16160	NA	0.771	0.004	0.8003	0.0057	4661.0	17.0	0.254	0.016	4.516	0.044	-0.13	0.02	-0.595166283380062	0.026530047539049306	0.028256759563426104	0.027393403551237705	3.6684791029325856	0.001581114540548434	0.0015868918660495446	0.0015840032032989892
HD  22879	NA	0.77	0.01	1.071	0.031	5961.0	87.0	1.304	0.013	4.27	0.04	-0.88	0.05	0.11527759139590141	0.00430818356588239	0.004351349129481055	0.0043297663476817225	3.7753191218294777	0.0062926606636724	0.006385179642696137	0.006338920153184269
HD  25457	NA	1.209	0.023	1.17	0.032	6294.0	91.0	1.935	0.036	4.39	0.04	0.1	0.03	0.2866809693549302	0.00800565492451305	0.00815600461791266	0.008080829771212855	3.7989267385772014	0.006234163022232675	0.006324957412235044	0.006279560217233859
HD  32129	B	1.0688	0.002	0.9874	0.005	5754.0	93.0	0.963	0.063	4.478	0.006	0.19	0.07	-0.0163737128754655	0.02752107365126298	0.02938377768520967	0.028452425668236324	3.759969857554307	0.0069632362829770145	0.007076702669713164	0.007019969476345089
HD  34328	NA	0.74	0.02	0.82	0.03	5997.0	36.0	0.784	0.06	4.48	0.04	-1.56	0.05	-0.10568393731556154	0.03202638394121664	0.03457749648729157	0.0333019402142541	3.7779340488377793	0.002599276478624901	0.0026149270083015708	0.002607101743463236
HD  36395	NA	0.615	0.062	0.5782	0.0025	3801.0	12.0	0.06285	0.00063	4.703	0.044	0.02	0.04	-1.2016947179780235	0.004331636060834088	0.004375275249291821	0.004353455655062954	3.5798978696031036	0.0013689356705670619	0.0013732643281105794	0.0013710999993388207
HD  38858	NA	0.855	0.015	0.935	0.015	5704.0	47.0	0.8339	0.0084	4.43	0.02	-0.22	0.01	-0.07888602616331936	0.004352826854857189	0.004396896237868195	0.004374861546362692	3.756179516843809	0.0035638507539159647	0.0035933381033999012	0.003578594428657933
HD  41255	A	1.0719	0.0023	1.01	0.21	6017.0	129.0	1.2	0.63	4.46	0.18	-0.15	0.06	0.07918124604762482	0.18326984368280463	0.3233063903751335	0.25328811702896903	3.779380011491656	0.009212544428703673	0.009412210162213164	0.009312377295458418
HD  41255	B	1.0808	0.0024	0.89	0.22	6064.0	98.0	0.97	0.61	4.57	0.21	-0.15	0.06	-0.01322826573375516	0.2118853526881778	0.43046923349895755	0.3211772930935677	3.782759192623997	0.006962501356924555	0.0070759435979534935	0.007019222477439024
HD  46375B	NA	0.528	0.013	0.566	0.01	3545.0	67.0	0.045	0.0045	4.65	0.02	0.24	0.01	-1.3467874862246563	0.04139268515822492	0.04575749056067524	0.04357508785945008	3.5496162395190853	0.008131502122382894	0.008286661852391575	0.008209081987387234
HD  50281B	NA	0.441	0.012	0.445	0.008	3533.0	67.0	0.02781	0.00028	4.79	0.02	0.07	0.02	-1.5557990111358404	0.004350750337418496	0.004394777470829281	0.004372763904123889	3.5481436374348454	0.008158863332441868	0.008315079056947283	0.008236971194694576
HD  61606B	NA	0.627	0.015	0.616	0.009	4154.0	67.0	0.1022	0.001	4.66	0.02	0.08	0.01	-0.990549104201306	0.004228801492498602	0.004270383294913693	0.0042495923937061475	3.6184664921990803	0.006948859955327791	0.007061854487486752	0.007005357221407271
HD  69830	NA	0.843	0.009	0.911	0.019	5316.0	58.0	0.5974	0.0081	4.45	0.03	-0.03	0.01	-0.2237347817318905	0.0058489292109615565	0.005928777172960281	0.005888853191960919	3.725584972270694	0.004712689826455563	0.004764390500350046	0.004738540163402805
HD  74000	NA	0.81	0.02	0.99	0.04	6408.0	40.0	1.49	0.13	4.35	0.05	-1.82	0.05	0.17318626841227402	0.03632874613035694	0.039647360042056545	0.037988053086206744	3.8067225030761813	0.002702525720852833	0.002719448346568676	0.0027109870337107544
HD  79210	NA	0.622	0.062	0.593	0.01	3906.0	35.0	0.07376	0.00074	4.69	0.02	-0.35	0.03	-1.132179091954427	0.0043353647027200015	0.00437907943186433	0.004357222067292166	3.5917322389518356	0.0038741959137675863	0.0039090676328803475	0.003891631773323967
HD  79211	NA	0.6	0.06	0.583	0.011	3866.0	37.0	0.06837	0.00068	4.685	0.046	-0.33	0.03	-1.165134420099962	0.004298103014612087	0.004341065802779376	0.004319584408695731	3.5872618496925344	0.004136701588714153	0.004176483344846549	0.004156592466780351
HD  88230	NA	0.678	0.011	0.664	0.021	4131.0	72.0	0.1157	0.0035	4.63	0.04	0.02	0.008	-0.9366666410482505	0.012942896452468156	0.013340502031606971	0.013141699242037563	3.6160551949765862	0.007504195028850802	0.007636143659300654	0.007570169344075728
HD  94028	NA	0.79	0.02	0.95	0.04	6097.0	40.0	1.124	0.099	4.38	0.04	-1.33	0.05	0.05076631123304232	0.036660145803243165	0.04004244584126916	0.03835129582225616	3.78511619502192	0.0028399282620119592	0.002858621358618141	0.00284927481031505
HD  95735	NA	0.403	0.04	0.392	0.0036	3464.0	18.0	0.01994	0.0002	4.857	0.044	-0.76	0.06	-1.700274846024363	0.004334312241962346	0.004378005642019067	0.0043561589419907065	3.539577883345309	0.002250883436003548	0.0022626102332989895	0.0022567468346512687
HD 101364	NA	1.02	0.02	0.987	0.023	5794.0	7.0	0.989	0.046	4.46	0.02	0.02	0.01	-0.004803708402820599	0.019744058195757124	0.02068459885985105	0.02021432852780409	3.762978490867743	0.000524374599854216	0.0005250085041956787	0.0005246915520249473
HD 102200	NA	0.87	0.01	1.069	0.016	6204.0	48.0	1.525	0.016	4.36	0.04	-1.08	0.05	0.1832698436828046	0.004532795035614684	0.004580603907214792	0.004556699471414738	3.7926717891415676	0.003347180205581779	0.0033731779821266628	0.003360179093854221
HD 106038	NA	0.761	0.003	1.049	0.015	6168.0	45.0	1.434	0.019	4.28	0.02	-1.33	0.04	0.1565491513317813	0.005716462966240177	0.005792711471472256	0.005754587218856216	3.7901443650429005	0.003156988570214292	0.003180105607167416	0.003168547088690854
HD 108177	NA	0.82	0.02	1.0	0.04	6274.0	34.0	1.4	0.12	4.36	0.05	-1.56	0.05	0.146128035678238	0.03571555226653453	0.03891806603036971	0.03731680914845212	3.7975445143617264	0.0023471702951387563	0.002359924679302239	0.0023535474872204976
HD 113337	NA	1.449	0.019	1.501	0.035	6782.0	81.0	4.292	0.044	4.24	0.03	0.17	0.03	0.6326597132939135	0.004429560236416941	0.004475205220500822	0.004452382728458881	3.8313577854420675	0.005156213448604063	0.005218167506152671	0.005187190477378367
HD 116064	NA	0.74	0.01	0.97	0.03	6022.0	37.0	1.115	0.074	4.33	0.04	-2.0	0.05	0.04727486738417948	0.027906987234512126	0.029824137873643353	0.02886556255407774	3.7797407511767407	0.0026602013197889463	0.0026765964343113957	0.002668398877050171
HD 119850	NA	0.52	0.052	0.4878	0.0082	3618.0	32.0	0.03672	0.00037	4.778	0.046	-0.69	0.05	-1.4350973274707952	0.0043541607994053155	0.004398257334148115	0.004376209066776715	3.558468562523795	0.0038243019326795746	0.0038582772976312185	0.0038412896151553966
HD 126681	NA	0.7	0.02	0.69	0.02	5605.0	31.0	0.423	0.026	4.61	0.03	-1.22	0.05	-0.37365963262495766	0.025905973628280843	0.027549860611927324	0.026727917120104083	3.748575616930992	0.002395367506327073	0.0024086525537065917	0.0024020100300168323
HD 149421	NA	1.17	0.04	1.37	0.03	6268.0	77.0	2.61	0.17	4.228	0.014	-0.03	0.1	0.41664050733828095	0.027404288579795266	0.029250680999551526	0.028327484789673396	3.7971289877965524	0.005302638634171242	0.005368183783647673	0.005335411208909457
HD 149946	B	1.141	0.0021	1.2241	0.0039	6592.0	380.0	2.55	0.59	4.32	0.003	-0.19	0.16	0.4065401804339551	0.09038946763925976	0.1142841090774791	0.10233678835836943	3.8190171986890595	0.02434017974889624	0.025785751632538823	0.02506296569071753
HD 154363B	NA	0.464	0.011	0.467	0.008	3615.0	67.0	0.0336	0.0033	4.77	0.02	-0.23	0.02	-1.473660722610156	0.04068708876921612	0.04489664888753908	0.0427918688283776	3.5581083016305497	0.007975482537446066	0.008124690470860951	0.008050086504153509
HD 158633	NA	0.732	0.006	0.788	0.014	5187.0	51.0	0.4047	0.0074	4.51	0.02	-0.46	0.01	-0.3928667956084333	0.00786941013302156	0.008014639336203888	0.007942024734612724	3.714916247993585	0.004249246095628489	0.004291232932787992	0.0042702395142082405
HD 163840	A	1.132	0.014	1.2	0.14	5970.0	100.0	1.66	0.4	4.33	0.1	-0.19	0.1	0.22010808804005508	0.09375913232909835	0.11973754292249225	0.1067483376257953	3.775974331129369	0.007214359945888482	0.00733622988175453	0.007275294913821506
HD 163840	B	0.7421	0.0073	0.561	0.065	4385.0	167.0	0.105	0.029	4.81	0.1	-0.19	0.1	-0.978810700930062	0.10591549929486965	0.14037570678914668	0.12314560304200817	3.6419695977020594	0.016232655684955244	0.016863022298591712	0.016547838991773478
HD 164595B	NA	0.448	0.011	0.46	0.008	3516.0	67.0	0.0291	0.0029	4.76	0.02	-0.08	0.01	-1.5361070110140926	0.041256989333998684	0.04559169766616189	0.04342434350008029	3.5460488664017342	0.008197941764376271	0.00835567203434362	0.008276806899359945
HD 164922	NA	0.904	0.016	0.973	0.024	5391.0	67.0	0.7206	0.0072	4.43	0.03	0.18	0.02	-0.1423057422134503	0.004317793463666897	0.004361152784214478	0.0043394731239406875	3.7316693318286362	0.005364199505241363	0.005431285025998545	0.005397742265619954
HD 166913	NA	0.78	0.02	1.13	0.04	6172.0	35.0	1.67	0.12	4.23	0.04	-1.51	0.05	0.22271647114758325	0.03013655983230995	0.03238477297729181	0.03126066640480088	3.7904259173911106	0.0024558279942863415	0.0024697941071787355	0.0024628110507325385
HD 173701	NA	1.0	0.03	0.964	0.017	5314.0	50.0	0.6687	0.0067	4.497	0.002	0.35	0.08	-0.17476867680009986	0.004329733099492583	0.004373333760200271	0.004351533429846427	3.725421550074259	0.004067219105302389	0.004105669468359885	0.004086444286831137
HD 173739	NA	0.318	0.032	0.3549	0.003	3406.0	17.0	0.01527	0.00015	4.84	0.044	-0.44	0.13	-1.8161609629435789	0.004245336658517118	0.0042872458912333045	0.004266291274875211	3.532244643626582	0.002162255511295008	0.0021730747892041435	0.002167665150249576
HD 173740	NA	0.235	0.024	0.3223	0.0057	3103.0	28.0	0.00868	8.7e-05	4.792	0.046	-0.39	0.2	-2.061480274823508	0.004331281377845553	0.004374913384014967	0.00435309738093026	3.491781775584166	0.0039012920327494705	0.003936655472730255	0.003918973752739863
HD 175289A	NA	1.214	0.033	1.352	0.01	6325.0	75.0	2.72	0.18	4.261	0.007	0.01	0.1	0.43456890403419873	0.027829093864757404	0.029735187414260678	0.02878214063950904	3.8010605298478555	0.005119444136031603	0.005180512503780044	0.0051499783199058236
HD 175726	NA	1.069	0.019	0.988	0.02	6069.0	63.0	1.193	0.012	4.48	0.03	-0.04	0.03	0.0766404436703419	0.004346603240545324	0.00439054605682708	0.004368574648686202	3.7831171374904673	0.004485008691870185	0.004531809627505101	0.004508409159687643
HD 176071	A	1.48	0.085	1.569	0.027	6400.0	84.0	3.72	0.23	4.213	0.004	0.15	0.09	0.5705429398818975	0.026054155744562713	0.027717512922717624	0.02688583433364017	3.806179973983887	0.005663032192590123	0.0057378526476306035	0.005700442420110363
HD 176153	NA	1.26	0.016	1.272	0.006	6177.0	77.0	2.12	0.11	4.325	0.003	-0.07	0.1	0.32633586092875144	0.02196900211940922	0.023139803508262502	0.02255440281383586	3.7907776013376937	0.005380275569220938	0.005447766326926562	0.00541402094807375
HD 176693	NA	1.023	0.024	1.204	0.007	6140.0	77.0	1.961	0.058	4.288	0.003	-0.19	0.1	0.2924775936677841	0.01265872527585521	0.01303880538076363	0.01284876532830942	3.788168371141168	0.005412496226988139	0.005480802906201454	0.005446649566594797
HD 177153	NA	1.039	0.021	1.285	0.027	6035.0	19.0	1.947	0.02	4.296	0.002	-0.05	0.03	0.2893659515200317	0.004438408399305038	0.004484236864578717	0.0044613226319418775	3.780677274433368	0.0013651421871863079	0.001369446849782019	0.0013672945184841634
HD 177723	NA	1.301	0.048	1.46	0.015	6538.0	77.0	3.51	0.18	4.219	0.009	0.16	0.1	0.5453071164658241	0.021719249693236242	0.022862882959504227	0.022291066326370235	3.81544491624435	0.005084932279169951	0.005145175204181118	0.005115053741675535
HD 181207	NA	1.048	0.028	1.233	0.011	6033.0	77.0	1.814	0.098	4.276	0.003	-0.23	0.1	0.2586372827240765	0.022850605216004793	0.024119999211389853	0.023485302213697323	3.780533325316404	0.005507884926149842	0.005578636236265755	0.005543260581207798
HD 182756	NA	1.247	0.071	1.354	0.028	5855.0	24.0	1.93	0.13	4.266	0.006	0.41	0.04	0.28555730900777376	0.02830991136137967	0.03028480390446775	0.02929735763292371	3.767526899408382	0.0017765607806996542	0.0017838579873377114	0.0017802093840186828
HD 184401	NA	0.969	0.036	0.997	0.017	5270.0	180.0	0.691	0.097	4.424	0.006	-0.12	0.18	-0.16052195262580163	0.0570481701153569	0.06569160239300484	0.06136988625418087	3.7218106152125467	0.014585887064095804	0.015092832875787998	0.014839359969941901
HD 186306	NA	0.768	0.019	0.776	0.007	5365.0	15.0	0.431	0.026	4.545	0.003	-0.47	0.03	-0.3655227298392684	0.025438929909118668	0.027022246946063033	0.02623058842759085	3.72956972630197	0.0012125493644195018	0.0012159442807413434	0.0012142468225804226
HD 187160	A	1.073	0.033	1.102	0.012	6067.0	120.0	1.48	0.12	4.382	0.005	-0.1	0.15	0.17026171539495738	0.03385826726096741	0.0367228070247399	0.035290537142853656	3.782973994944048	0.0085061210759525	0.008676056444770541	0.00859108876036152
HD 187637	NA	1.169	0.039	1.304	0.034	6236.0	82.0	2.315	0.023	4.26	0.03	-0.09	0.02	0.36455099535397195	0.004293511471849365	0.004336382058619637	0.004314946765234501	3.794906106516804	0.005673515052326383	0.005748614605364466	0.005711064828845425
HD 190166	NA	1.024	0.03	1.155	0.009	6143.0	77.0	1.712	0.09	4.324	0.003	-0.29	0.1	0.2335037603411344	0.022251026301909782	0.023452910465997207	0.022851968383953494	3.788380515319563	0.005409869371255649	0.005478109344918547	0.005443989358087098
HD 190360	NA	0.951	0.008	1.2	0.033	5462.0	76.0	1.156	0.012	4.26	0.03	0.22	0.01	0.06295783408451022	0.004485008691870435	0.004531809627504865	0.00450840915968765	3.7373516958037145	0.006001255605841305	0.006085346728222696	0.006043301167032
HD 193901	NA	0.77	0.02	0.81	0.03	5853.0	34.0	0.694	0.054	4.5	0.04	-1.1	0.05	-0.15864052954514513	0.03254212740960649	0.03517949647096777	0.03386081194028713	3.7673785241141804	0.0025155116979886927	0.002530166920769794	0.0025228393093792434
HD 195987	A	0.842	0.0014	0.671	0.023	5296.0	102.0	0.319	0.033	4.71	0.03	-0.38	0.1	-0.4962093169428189	0.04275198042094991	0.04742464992813811	0.04508831517454401	3.7239479764316434	0.008284903788854603	0.008446031138359622	0.008365467463607112
HD 195987	B	0.66201	0.00076	0.441	0.02	4360.0	133.0	0.0633	0.0097	4.97	0.04	-0.38	0.1	-1.198596289982645	0.061919150103100895	0.07223892032458501	0.06707903521384295	3.639486489268586	0.013049929324439713	0.01345424143956686	0.013252085382003287
HD 199305	NA	0.573	0.057	0.5464	0.0061	3691.0	22.0	0.04992	0.0005	4.721	0.044	-0.24	0.04	-1.3017254233256323	0.0043282646660594	0.0043718356083071175	0.004350050137183259	3.5671440451956573	0.0025809040305015962	0.0025963334397092197	0.002588618735105408
HD 201891	NA	0.762	0.003	0.981	0.014	6039.0	47.0	1.154	0.012	4.34	0.04	-0.97	0.05	0.06220580881971259	0.004492741603282668	0.0045397049098833825	0.004516223256583025	3.780965029608317	0.00336691841383141	0.0033932249169068562	0.003380071665369133
HD 204961	NA	0.447	0.011	0.4346	0.0053	3512.0	37.0	0.0259	0.00087	4.812	0.015	-0.11	0.09	-1.586700235918748	0.014348607105680644	0.014838914473028764	0.014593760789354704	3.545554507234065	0.0045514921135279	0.004599698307932165	0.004575595210730032
HD 208704	NA	0.95	0.04	1.13	0.02	5818.0	77.0	1.318	0.084	4.311	0.008	-0.14	0.1	0.11991541025799107	0.02683260337264881	0.028600250560768203	0.027716426966708507	3.7647737169110402	0.005710092520067711	0.005786170043420746	0.005748131281744229
HD 210776	NA	1.0	0.02	0.98	0.01	5580.0	77.0	0.839	0.049	4.451	0.004	0.31	0.1	-0.07623803917129975	0.024651004949900773	0.026134869538258873	0.025392937244079823	3.7466341989375787	0.005951979802830465	0.006034686126421995	0.00599333296462623
HD 211276	NA	0.83	0.03	0.93	0.02	5535.0	77.0	0.731	0.051	4.421	0.016	-0.25	0.1	-0.13608262304213956	0.029289376101987577	0.03140846425162416	0.03034892017680587	3.7431176252147416	0.006000037141580705	0.00608409388086395	0.006042065511222328
HD 211749	NA	1.16	0.03	1.31	0.02	6315.0	77.0	2.46	0.14	4.267	0.01	-0.14	0.1	0.39093510710337914	0.02403824086743883	0.025447122212479523	0.024742681539959177	3.8003733548913496	0.005263411414585306	0.005327984470224756	0.005295697942405031
HD 212560	NA	1.15	0.04	1.36	0.03	6143.0	77.0	2.37	0.16	4.23	0.012	-0.04	0.1	0.37474834601010387	0.02837217516571411	0.030356072324993155	0.029364123745353632	3.788380515319563	0.005409869371255649	0.005478109344918547	0.005443989358087098
HD 213677	NA	0.88	0.04	0.94	0.01	5846.0	77.0	0.93	0.053	4.436	0.007	-0.38	0.1	-0.03151705144606486	0.02407056927820053	0.025483355187894616	0.024776962233047574	3.7668588110214176	0.0056829216195257715	0.005758272063275172	0.0057205968414004715
HD 213735	NA	1.09	0.05	1.31	0.02	5962.0	77.0	1.95	0.12	4.238	0.008	-0.04	0.1	0.290034611362518	0.0259357340943997	0.027583521632088548	0.026759627863244123	3.775391971696612	0.005573057911704815	0.005645504517158617	0.005609281214431716
HD 216899	NA	0.569	0.057	0.5492	0.003	3712.0	14.0	0.05159	0.00052	4.714	0.044	-0.07	0.04	-1.2874344721266917	0.004355545293452723	0.004399670017768198	0.00437760765561046	3.5696079675468244	0.001634883013399424	0.0016410607236703179	0.001637971868534871
HD 217987	NA	0.486	0.012	0.4694	0.0014	3692.0	56.0	0.0369	0.0022	4.782	0.011	-0.17	0.09	-1.4329736338409396	0.025150391236806513	0.026696891368186648	0.02592364130249658	3.5672616923538745	0.0065378898618662085	0.006637817803944568	0.006587853832905388
HD 219134	NA	0.777	0.004	0.7778	0.0049	4799.0	34.0	0.289	0.0074	4.55	0.01	0.06	0.02	-0.5391021572434522	0.01098035655074281	0.011265192286473269	0.011122774418608039	3.681150749932421	0.003066045206459478	0.0030878449580757916	0.0030769450822676347
HD 219869	B	1.006	0.0021	1.11	0.023	6237.0	101.0	1.68	0.13	4.35	0.018	-0.39	0.07	0.22530928172586284	0.032369293143321654	0.0349775835555714	0.03367343834944653	3.794975744051132	0.006976490803149993	0.007090393110207316	0.007033441956678654
HD 224974	A	1.2479	0.0061	1.27	0.19	6221.0	85.0	2.16	0.77	4.33	0.13	0.04	0.03	0.3344537511509309	0.1324138692031786	0.19143895089683577	0.16192641005000719	3.7938602013426697	0.00589376506921635	0.005974850401745169	0.005934307735480759
HD 224974	B	1.2247	0.0059	1.04	0.24	6171.0	75.0	1.42	0.84	4.49	0.2	0.04	0.03	0.15228834438305647	0.2018200947643444	0.3888603508201192	0.2953402227922318	3.7903555464143865	0.005246433479793033	0.005310588082842571	0.005278510781317802
HD 225213	NA	0.39	0.01	0.3794	0.0023	3615.0	21.0	0.02214	0.00042	4.871	0.012	-0.26	0.09	-1.654822383457296	0.008161478768600627	0.00831779562589463	0.008239637197247629	3.5581083016305497	0.0025155729193802046	0.002530228857594796	0.0025229008884875004
HD 234856	NA	1.137	0.063	1.382	0.022	6179.0	77.0	2.51	0.15	4.213	0.006	-0.08	0.1	0.3996737214810381	0.025207915150028848	0.02676171851093151	0.02598481683048018	3.7909181952145783	0.00537854483721345	0.005445991908190173	0.005412268372701812
HD 241253	NA	0.78	0.03	0.79	0.03	5929.0	35.0	0.695	0.055	4.53	0.04	-1.11	0.05	-0.15801519540988615	0.0330764588015862	0.035804830606226745	0.034440644703906474	3.7729814503449637	0.0025561844359933694	0.002571318831057212	0.002563751633525291
HD 265866	NA	0.36	0.016	0.338	0.013	3546.0	74.0	0.01627	0.00049	4.937	0.039	-0.2	0.12	-1.7886124470631413	0.012886461357398904	0.013280554063457295	0.0130835077104281	3.549738731264899	0.008969839268266888	0.009159014760444784	0.009064427014355836
HD 284248	NA	0.81	0.02	1.01	0.04	6270.0	33.0	1.42	0.12	4.33	0.05	-1.55	0.05	0.15228834438305647	0.0352323764534066	0.03834499207621976	0.03678868426481318	3.7972675408307164	0.0022797662948987885	0.002291796779584576	0.0022857815372416823
HD 284753	B	0.409	0.005	0.408	0.009	3589.0	99.0	0.0249	0.003	4.829	0.019	-0.26	0.26	-1.6038006529042637	0.04940485617786128	0.05575523225561807	0.052580044216739674	3.5549734583332397	0.011817454048351994	0.012148031374060064	0.01198274271120603
HD 285968	NA	0.486	0.011	0.457	0.021	3716.0	90.0	0.03581	0.00089	4.806	0.042	-0.18	0.03	-1.445995678988097	0.010661743240186317	0.010930085978370974	0.010795914609278645	3.5700757053216043	0.010393078629397312	0.010647905562114701	0.010520492095756007
HD 298986	NA	0.767	0.006	1.046	0.014	6341.0	46.0	1.594	0.017	4.29	0.02	-1.33	0.04	0.20248831706009357	0.004607223359124474	0.004656623731190662	0.004631923545157568	3.8021577531869615	0.003139162971023346	0.003162018743080086	0.003150590857051716
HD 349726	NA	0.303	0.03	0.323	0.014	3494.0	62.0	0.01423	0.00024	4.901	0.057	-0.35	0.08	-1.8467950999157157	0.007263631034753137	0.007387185592456769	0.007325408313604953	3.543322900646912	0.007638851651264211	0.007775621470244243	0.007707236560754227
M4 V69	A	0.7665	0.0053	0.8656	0.0098	6081.0	126.0	0.923	0.079	4.44	0.13	-1.2	0.1	-0.03479829897408793	0.03566602050531484	0.038859254400256976	0.03726263745278591	3.7839750034126713	0.008906741972725563	0.009093237593875259	0.00899998978330041
M4 V69	B	0.7278	0.0049	0.8074	0.008	5916.0	136.0	0.719	0.068	4.48	0.12	-1.2	0.1	-0.14327110961711742	0.03924584197618193	0.04314790181469061	0.04119687189543627	3.772028165324855	0.009870754026294115	0.01010032690432583	0.009985540465309972
OGLE SMC-ECL- 6249	A	0.8618	0.0048	1.1833	0.0033	6026.0	42.0	1.648	0.049	4.227	0.002	-0.71	0.1	0.21695720736109697	0.012724634956578773	0.013108743614862278	0.012916689285720526	3.7800291273373383	0.003016444777354632	0.003037542480933464	0.003026993629144048
OGLE SMC-ECL- 6249	B	0.8268	0.0046	1.0044	0.0039	5957.0	41.0	1.14	0.039	4.352	0.003	-0.71	0.1	0.05690485133647256	0.014608953758616518	0.015117532364720791	0.014863243061668654	3.7750276000988445	0.0029788613246637397	0.002999434773989673	0.0029891480493267064
TYC  173-3208-1	NA	0.293	0.007	0.3187	0.0041	3292.0	27.0	0.01075	0.00022	4.898	0.015	-0.19	0.11	-1.9685915357483759	0.008798163323086916	0.008980093066137673	0.008889128194612295	3.5174598265402324	0.0035474258683714233	0.003576640929139785	0.003562033398755604
TYC  246-1068-1	NA	0.42	0.03	0.427	0.016	3516.0	68.0	0.02505	0.00051	4.801	0.045	-0.39	0.06	-1.6011922697967356	0.008753119283098076	0.008933171812278928	0.008843145547688502	3.5460488664017342	0.008319134588353538	0.008481609249058941	0.00840037191870624
TYC  246-471-1	NA	0.81	0.03	0.9	0.04	6056.0	33.0	0.982	0.09	4.44	0.05	-1.12	0.05	-0.00788851221305034	0.03808329756980158	0.041746633410826586	0.039914965490314085	3.7821858664920165	0.002360107562505931	0.0023730033214359736	0.0023665554419709522
TYC  281-956-1	NA	0.74	0.02	0.91	0.03	6151.0	32.0	1.068	0.074	4.39	0.04	-1.98	0.05	0.028571252692537637	0.029094851217291655	0.03118486829522428	0.030139859756257967	3.788945727023748	0.002253519475127419	0.002265273827099179	0.002259396651113299
TYC  502-308-1	NA	0.76	0.01	0.95	0.03	6076.0	31.0	1.108	0.074	4.36	0.04	-1.5	0.05	0.04453976039241098	0.028077716152825637	0.03001922163448727	0.029048468893656455	3.7836177651907485	0.002210154805116993	0.0022214599939580637	0.0022158073995375283
TYC  800-1325-1	NA	1.22	0.03	1.3	0.009	6307.0	77.0	2.445	0.029	4.31	0.1	-0.04	0.1	0.388278863459639	0.005120831833462791	0.0051819335105448006	0.005151382672003796	3.7998228309933197	0.005270047349353213	0.005334784334150022	0.005302415841751618
TYC  882-1111-1	NA	0.333	0.019	0.339	0.016	3291.0	76.0	0.01212	8e-05	4.901	0.047	-0.23	0.12	-1.9164973801697325	0.002857210844480651	0.0028761329084616705	0.0028666718764711607	3.5173278822943734	0.009915234093714975	0.010146905034132736	0.010031069563923856
TYC 1598-325-1	NA	0.296	0.03	0.31	0.012	3500.0	60.0	0.01392	0.00016	4.927	0.055	-0.33	0.08	-1.8563607647254567	0.004963419531550217	0.005020801375050787	0.004992110453300502	3.5440680443502757	0.007381953622599635	0.0075096017787457114	0.007445777700672673
TYC 1979-2518-1	NA	0.7	0.02	0.72	0.02	5879.0	32.0	0.558	0.033	4.56	0.04	-1.86	0.05	-0.25336580106242124	0.02495328194367666	0.026474895531621856	0.025714088737649257	3.769303460189082	0.002357499159805432	0.0023703663517977702	0.002363932755801601
TYC 1984-2613-1	NA	0.472	0.047	0.438	0.014	3444.0	55.0	0.02431	0.00034	4.829	0.051	-0.22	0.08	-1.6142150411566643	0.0060319647699129675	0.006116924809681956	0.006074444789797462	3.537063142781617	0.006880799701289408	0.0069915739442389935	0.006936186822764201
TYC 2020-808-1	NA	0.78	0.02	1.02	0.04	6457.0	31.0	1.63	0.13	4.31	0.04	-2.43	0.05	0.21218760440395779	0.03332506341019198	0.03609634534827655	0.034710704379234264	3.8100307864058394	0.0020800547972603667	0.0020900651903401624	0.0020850599938002645
TYC 2063-479-1	NA	0.517	0.013	0.541	0.013	3610.0	60.0	0.0447	0.002	4.686	0.024	-0.2	0.04	-1.3496924768680636	0.019009357434175644	0.019879648106912562	0.019444502770544103	3.5575072019056577	0.007158862346431594	0.007278848850563513	0.007218855598497553
TYC 2197-1464-1	NA	0.8	0.02	1.12	0.04	6107.0	33.0	1.57	0.12	4.24	0.04	-1.24	0.05	0.19589965240923377	0.03198705220443976	0.03453165017425883	0.03325935118934929	3.7858279199958655	0.002340451145302236	0.002353132413619008	0.002346791779460622
TYC 2257-765-1	A	0.844	0.045	0.814	0.016	4984.0	87.0	0.368	0.029	4.544	0.008	0.11	0.05	-0.43415218132648237	0.03294268808959744	0.03564812047043553	0.034295404280016484	3.697578033651113	0.007515576896760301	0.0076479296328950674	0.007581753264827684
TYC 2483-160-1	A	1.2377	0.0009	1.3826	0.0025	6053.0	98.0	2.31	0.15	4.2492	0.0016	0.34	0.34	0.36361197989214433	0.02732312721123481	0.029158228741213432	0.02824067797622412	3.781970673912552	0.006975053111196061	0.00708890809375573	0.007031980602475896
TYC 2483-160-1	B	1.202	0.0008	1.314	0.0012	5984.0	96.0	1.99	0.13	4.2808	0.0009	0.34	0.34	0.29885307640970665	0.02748278451904479	0.02934013219179038	0.028411458355417585	3.776991584856405	0.0069119944163302804	0.007023783526962202	0.006967888971646241
TYC 3012-2528-1	NA	0.403	0.04	0.4028	0.009	3497.0	40.0	0.02186	0.00022	4.833	0.048	-0.52	0.04	-1.6603498423863159	0.004348911443477155	0.004392901179152364	0.0043709063113147595	3.5436956323092446	0.004939427505506799	0.004996252766837905	0.004967840136172352
TYC 3120-325-1	NA	1.019	0.03	1.039	0.009	6134.0	91.0	1.363	0.056	4.412	0.004	-0.24	0.1	0.13449585583467355	0.017486539622800473	0.01822026825412927	0.017853403938464872	3.7877437716464666	0.006395584121307252	0.006491177398010084	0.006443380759658668
TYC 3120-887-1	NA	1.178	0.049	1.36	0.018	6343.0	85.0	2.73	0.16	4.243	0.008	-0.04	0.1	0.436162647040756	0.024735195715791858	0.026229523709461522	0.02548235971262669	3.802294711397464	0.005781156693843048	0.005859152587289529	0.0058201546405662885
TYC 3120-967-1	NA	1.034	0.015	1.089	0.009	6045.0	77.0	1.427	0.076	4.378	0.003	-0.06	0.1	0.15442397311464698	0.022535007472261198	0.023768624092616403	0.0231518157824388	3.7813963051967905	0.005497020064525238	0.005567490732178104	0.005532255398351671
TYC 3121-559-1	NA	1.068	0.035	1.08	0.012	6107.0	77.0	1.462	0.081	4.395	0.005	-0.04	0.1	0.16494737262184164	0.02341855344130661	0.024753694043210345	0.024086123742258478	3.7858279199958655	0.005441560914402732	0.005510607855714333	0.005476084385058533
TYC 3124-1264-1	NA	1.159	0.051	1.297	0.015	6270.0	79.0	2.41	0.13	4.275	0.008	-0.04	0.1	0.3820170425748684	0.02281667404506965	0.024082195574414544	0.023449434809742098	3.7972675408307164	0.005437786243635667	0.005506736817811664	0.0054722615307236655
TYC 3125-1178-1	NA	0.9	0.03	0.8	0.03	5091.0	97.0	0.344	0.007	4.586	0.036	0.23	0.12	-0.46344155742846993	0.008748673894294012	0.008928541700191472	0.008838607797242742	3.706803097037338	0.008196870374704623	0.008354559022008878	0.008275714698356751
TYC 3125-1178-1	NA	0.9	0.03	0.8	0.03	5091.0	97.0	0.344	0.007	4.586	0.036	0.23	0.12	-0.46344155742846993	0.008748673894294012	0.008928541700191472	0.008838607797242742	3.706803097037338	0.008196870374704623	0.008354559022008878	0.008275714698356751
TYC 3125-976-1	NA	1.199	0.03	1.399	0.012	6169.0	50.0	2.58	0.1	4.224	0.007	0.09	0.08	0.41161970596323016	0.01651508806555868	0.017168025137013876	0.01684155660128628	3.7902147702439795	0.0035057865695438117	0.0035343170473307595	0.0035200518084372856
TYC 3127-167-1	A	1.043	0.014	0.9399	0.005	5794.0	133.0	0.897	0.083	4.517	0.008	-0.05	0.09	-0.047207556955907906	0.03843363264840276	0.04216803815489083	0.04030083540164679	3.762978490867743	0.009856436371275201	0.01008533598314898	0.00997088617721209
TYC 3127-167-1	B	0.986	0.015	0.941	0.005	5741.0	145.0	0.867	0.088	4.491	0.008	-0.05	0.09	-0.06198090252378971	0.04198427410753604	0.04648163980364582	0.04423295695559093	3.7589875468676195	0.010832710895972486	0.011109841047829416	0.010971275971900951
TYC 3129-1587-1	NA	0.989	0.023	1.125	0.009	6068.0	108.0	1.55	0.11	4.327	0.003	-0.99	0.19	0.1903316981702915	0.029776389869763636	0.03196920607504186	0.03087279797240275	3.783045572114693	0.007661715212986753	0.007799312374456413	0.007730513793721583
TYC 3129-174-1	NA	0.94	0.04	0.85	0.04	5263.0	102.0	0.497	0.01	4.552	0.045	0.25	0.12	-0.3036436112666679	0.008651570600003877	0.008827427518697806	0.008739499059350841	3.7212333700172775	0.008336356284692314	0.008499510947325817	0.008417933616009066
TYC 3129-174-1	NA	0.94	0.04	0.85	0.04	5263.0	102.0	0.497	0.01	4.552	0.045	0.25	0.12	-0.3036436112666679	0.008651570600003877	0.008827427518697806	0.008739499059350841	3.7212333700172775	0.008336356284692314	0.008499510947325817	0.008417933616009066
TYC 3129-329-1	NA	0.749	0.02	0.753	0.01	5172.0	75.0	0.41	0.19	4.56	0.18	-0.52	0.12	-0.38721614328026455	0.16536739366390815	0.2703611758975293	0.21786428478071873	3.7136585162083566	0.0062525479899822045	0.006343882619648689	0.0062982153048154466
TYC 3129-3292-1	NA	1.005	0.035	1.254	0.012	5853.0	77.0	1.663	0.093	4.245	0.006	-0.23	0.1	0.22089224921951925	0.02363226235056451	0.024992596810285483	0.024312429580424996	3.7673785241141804	0.005676169250082186	0.005751339552597656	0.005713754401339921
TYC 3131-1199-1	NA	0.81	0.019	0.772	0.006	5417.0	75.0	0.467	0.025	4.57	0.003	-0.32	0.07	-0.33068311943388784	0.02264822220124818	0.023894611217020245	0.023271416709134213	3.733758835587203	0.005971692977514653	0.006054951901848682	0.006013322439681668
TYC 3131-830-1	NA	0.834	0.021	0.871	0.008	5510.0	15.0	0.626	0.037	4.477	0.005	-0.19	0.03	-0.20342566678957033	0.024939195194343483	0.026459038423328057	0.02569911680883577	3.741151598851785	0.001180683505363156	0.0011839020922757015	0.0011822927988194287
TYC 3132-1582-1	NA	1.222	0.04	1.402	0.018	6173.0	101.0	2.57	0.18	4.23	0.005	-0.13	0.15	0.4099331233312945	0.02939957049896813	0.03153522238315687	0.0304673964410625	3.7904962769671093	0.0070482373946170185	0.007164514079685436	0.007106375737151227
TYC 3132-651-1	NA	1.239	0.051	1.417	0.021	6463.0	110.0	3.04	0.17	4.228	0.008	0.09	0.11	0.48287358360875376	0.023631448796118337	0.024991686874761443	0.02431156783543989	3.810434155922673	0.007329476357694986	0.007455300587411173	0.00739238847255308
TYC 3133-248-1	NA	1.148	0.051	1.345	0.018	6239.0	94.0	2.64	0.15	4.24	0.008	-0.14	0.1	0.42160392686983106	0.024000276403766507	0.02540457977409466	0.024702428088930584	3.7951149856303634	0.006494502396955593	0.006593098407890352	0.006543800402422972
TYC 3133-362-1	NA	0.93	0.016	1.048	0.005	5719.0	77.0	1.059	0.058	4.362	0.002	-0.12	0.1	0.024895960107484977	0.023157213008124077	0.024461882628166384	0.023809547818145232	3.7573200965466724	0.005808280252464382	0.005887014727325113	0.005847647489894747
TYC 3134-218-1	NA	0.899	0.009	0.916	0.006	5669.0	75.0	0.78	0.029	4.468	0.003	-0.18	0.1	-0.10790539730951958	0.015853918921791915	0.01645466568631203	0.016154292304051972	3.75350645699097	0.005707974243273739	0.005783994955461669	0.005745984599367704
TYC 3134-978-1	A	1.2259	0.0024	1.4072	0.0022	6530.0	220.0	2.82	0.39	4.2298	0.0016	0.1	0.13	0.45024910831936105	0.056255924085511055	0.06464283472104893	0.06044937940327999	3.814913181275074	0.014390591555951016	0.01488382203093952	0.014637206793445268
TYC 3134-978-1	B	1.2275	0.0028	1.403	0.0025	6530.0	220.0	2.82	0.39	4.233	0.0018	0.1	0.13	0.45024910831936105	0.056255924085511055	0.06464283472104893	0.06044937940327999	3.814913181275074	0.014390591555951016	0.01488382203093952	0.014637206793445268
TYC 3135-624-1	NA	1.101	0.025	1.322	0.007	5680.0	15.0	1.625	0.09	4.233	0.003	0.27	0.03	0.21085336531489318	0.02341075906389614	0.02474498550168791	0.024077872282792026	3.754348335711019	0.001145392704100523	0.0011484215116026597	0.0011469071078515913
TYC 3138-1820-1	NA	1.068	0.04	1.339	0.018	5952.0	75.0	2.04	0.12	4.213	0.008	-0.08	0.1	0.3096301674258988	0.024823583725032128	0.026328938722349204	0.025576261223690666	3.7746629225378223	0.005438268930089141	0.005507231823423719	0.00547275037675643
TYC 3142-403-1	NA	1.058	0.075	1.164	0.024	5625.0	20.0	1.265	0.086	4.325	0.004	0.27	0.04	0.10209052551183669	0.02856482351019389	0.03057672041674761	0.02957077196347075	3.7501225267834	0.0015414194775864587	0.0015469098524083513	0.001544164664997405
TYC 3143-604-1	A	1.0351	0.0055	1.072	0.002	6486.0	134.0	1.83	0.15	4.3927	0.0024	-0.46	0.1	0.26245108973042947	0.03421410053110163	0.03714180800456657	0.0356779542678341	3.811976944336954	0.008881045102746121	0.009066454917914246	0.008973750010330184
TYC 3143-604-1	B	0.9712	0.0038	1.0102	0.0016	6397.0	118.0	1.54	0.11	4.4166	0.0019	-0.46	0.1	0.18752072083646307	0.029963223377443254	0.03218468337140126	0.03107395337442226	3.805976350717563	0.007938069331040687	0.008085867659213708	0.008011968495127197
TYC 3144-1550-1	NA	1.099	0.022	1.37	0.009	5775.0	77.0	1.88	0.1	4.205	0.003	0.19	0.1	0.2741578492636798	0.02250734099785129	0.02373784695478587	0.02312259397631858	3.761551988564182	0.005752328889091274	0.005829543660723857	0.0057909362749075655
TYC 3146-1340-1	A	1.277	0.017	1.276	0.011	6714.0	155.0	2.95	0.27	4.332	0.007	0.1	0.08	0.46982201597816303	0.038033855717667875	0.04168722194937419	0.03986053883352103	3.826981336911994	0.009912179464440118	0.01014370600995873	0.010027942737199425
TYC 3146-1340-1	B	1.221	0.016	1.21	0.014	6561.0	166.0	2.45	0.28	4.359	0.009	0.1	0.08	0.3891660843645325	0.0469965626762236	0.052706350516002975	0.049851456596113286	3.8169700377572995	0.010851389925502719	0.011129488942626775	0.010990439434064747
TYC 3146-491-1	B	0.8134	0.0051	0.7494	0.0041	5702.0	79.0	0.535	0.03	4.599	0.0039	-0.46	0.1	-0.27164621797877153	0.023694665798210113	0.025062403902567087	0.0243785348503886	3.756027212973441	0.00597575640167447	0.006059129464038193	0.006017442932856332
TYC 3147-171-1	NA	0.814	0.011	1.027	0.004	5985.0	35.0	1.131	0.06	4.329	0.003	-0.95	0.05	0.05346260492545529	0.022449156557322228	0.02367313409359968	0.023061145325460955	3.7770641547424293	0.002532336515395084	0.002547189013879514	0.002539762764637299
TYC 3148-1870-1	NA	1.249	0.031	1.35	0.013	6343.0	77.0	2.66	0.14	4.274	0.005	-0.03	0.1	0.424881636631067	0.02227639471115228	0.023481095849522904	0.022878745280337592	3.802294711397464	0.005240316671389245	0.005304320851777344	0.0052723187615832945
TYC 3531-451-1	NA	1.091	0.097	1.09	0.027	6045.0	77.0	1.43	0.1	4.399	0.007	0.06	0.1	0.1553360374650618	0.029355393352537007	0.03148439649797606	0.030419894925256534	3.7813963051967905	0.005497020064525238	0.005567490732178104	0.005532255398351671
TYC 3541-2136-1	B	1.129	0.091	1.137	0.027	6302.0	77.0	1.84	0.13	4.375	0.008	0.1	0.1	0.2648178230095365	0.02964840315205647	0.031821712617382675	0.03073505788471957	3.799478398837981	0.0052742033124792975	0.005339043070207161	0.005306623191343229
TYC 3546-941-1	B	0.8339	0.0042	0.995	0.015	6026.0	111.0	1.15	0.14	4.366	0.013	-0.73	0.1	0.06069784035361165	0.04989186994563733	0.05637646657096917	0.05313416825830325	3.7800291273373383	0.007926995946593518	0.008074378373389202	0.00800068715999136
TYC 3547-268-1	NA	1.257	0.045	1.423	0.009	6548.0	82.0	3.41	0.19	4.215	0.026	0.11	0.1	0.5327543789924978	0.023548121774789488	0.024898507296666872	0.02422331453572818	3.816108670739904	0.005404857664869311	0.005472970464366789	0.00543891406461805
TYC 3549-2811-1	NA	1.035	0.02	0.9802	0.0067	5875.0	13.0	1.031	0.017	4.471	0.004	0.01	0.01	0.013258665283516512	0.007102617364191259	0.007220710286199335	0.007161663825195297	3.7690078709437738	0.0009599303856688834	0.000962056841356862	0.0009609936135128727
TYC 3551-189-1	NA	1.068	0.019	1.237	0.006	5793.0	74.0	1.581	0.043	4.28	0.003	0.12	0.07	0.19893186993220904	0.011654154972947417	0.011975534466796806	0.011814844719872111	3.762903528499057	0.005512559717274712	0.005583431952384643	0.005547995834829678
TYC 3556-3445-1	NA	0.979	0.017	1.15	0.003	5852.0	77.0	1.397	0.074	4.312	0.002	-0.18	0.1	0.14519640611418191	0.022416266613348224	0.023636561926680955	0.02302641427001459	3.767304317453273	0.005677132891690473	0.005752328889091274	0.005714730890390873
TYC 3556-878-1	NA	0.885	0.023	0.881	0.008	5457.0	77.0	0.598	0.025	4.494	0.003	0.05	0.1	-0.22329881601158919	0.017786862670758796	0.018546562021020868	0.018166712345889832	3.736953953783146	0.006085201021787334	0.006171678116756674	0.006128439569272004
TYC 3556-909-1	NA	0.969	0.017	1.149	0.009	6047.0	77.0	1.59	0.085	4.304	0.003	-0.31	0.1	0.2013971243204515	0.022617687052412544	0.023860624390589308	0.023239155721500926	3.7815399686059417	0.005495213420281697	0.005565637476572682	0.00553042544842719
TYC 3557-221-1	B	1.015	0.016	1.034	0.014	5821.0	201.0	1.1	0.16	4.416	0.01	-0.31	0.09	0.04139268515822508	0.05897785995933783	0.06826483155852639	0.06362134575893211	3.7649975992848805	0.014743151891860151	0.015261283715819474	0.015002217803839812
TYC 3557-295-1	NA	1.13	0.05	1.234	0.015	6335.0	40.0	1.62	0.2	4.28	0.004	-0.29	0.04	0.20951501454263097	0.05055637344244382	0.057226670159574444	0.05389152180100913	3.80174661921946	0.0027335698865327274	0.0027508847755788324	0.00274222733105578
TYC 3560-2509-1	NA	1.082	0.048	1.129	0.016	5949.0	77.0	1.438	0.085	4.364	0.005	0.11	0.1	0.15775888604686378	0.024941017289178774	0.026461089449240804	0.02570105336920979	3.774443968924965	0.005585158412373392	0.0056579220169505895	0.005621540214661991
TYC 3565-1235-1	NA	0.83	0.028	0.845	0.009	5180.0	180.0	0.463	0.065	4.502	0.004	-0.09	0.1	-0.33441900898204685	0.05705293151585911	0.0656979189442653	0.0613754252300622	3.714329759745233	0.014835029947537048	0.015359755409214415	0.015097392678375732
TYC 3878-1193-1	NA	0.298	0.013	0.354	0.01	3352.0	55.0	0.0143	0.00039	4.813	0.032	-0.42	0.07	-1.8446639625349381	0.011685758325194584	0.012008907473015418	0.011847332899105001	3.525304009958239	0.007068123609638377	0.0071850628150857965	0.007126593212362087
TYC 4428-1943-1	NA	0.413	0.041	0.4202	0.0068	3412.0	29.0	0.02155	0.00022	4.807	0.046	-0.14	0.12	-1.6665527255032495	0.0044111545443439315	0.004456419047321747	0.004433786795832839	3.5330090224954853	0.003675650125444907	0.0037070247075048357	0.0036913374164748713
TYC 4682-2798-1	NA	0.602	0.015	0.591	0.011	4030.0	67.0	0.0836	0.0083	4.68	0.02	-0.11	0.02	-1.0777937225609837	0.04110923394709487	0.045411301238315716	0.04326026759270529	3.6053050461411096	0.007160917812032874	0.007280973806919722	0.007220945809476298
TYC 4959-178-1	NA	0.461	0.046	0.461	0.024	3498.0	60.0	0.02582	0.00038	4.774	0.063	0.08	0.08	-1.5880437620695984	0.00634505338934388	0.006439130954025263	0.006392092171684571	3.543819805142658	0.0073861386052485045	0.007513932791624267	0.007450035698436386
TYC 4967-579-1	NA	0.79	0.01	1.05	0.04	6592.0	32.0	1.88	0.15	4.29	0.04	-2.92	0.05	0.2741578492636798	0.033338188649533085	0.03611174613488441	0.03472496739220875	3.8190171986890595	0.0021031250877641128	0.002113359313399066	0.0021082422005815893
TYC 5227-1023-1	B	0.839	0.012	0.977	0.0099	5929.0	218.0	1.06	0.16	4.38	0.01	-0.63	0.11	0.02530586526477026	0.061053965409977956	0.07106335582544537	0.06605866061771166	3.7729814503449637	0.015681762775893837	0.016269290180192186	0.015975526478043012
TYC 5834-95-1	A	1.201	0.065	1.367	0.038	6190.0	50.0	2.47	0.16	4.245	0.019	0.07	0.08	0.39269695325966575	0.02725879523009217	0.029084973367521416	0.028171884298806793	3.791690649020118	0.0034939406623060165	0.0035222778789503195	0.003508109270628168
TYC 5871-284-1	NA	0.78	0.03	0.84	0.03	6379.0	35.0	1.053	0.079	4.48	0.04	-2.69	0.05	0.022428371185486493	0.03141805566676609	0.033869414306870974	0.03264373498681853	3.8047526021504603	0.0023763534419614096	0.0023894278409128944	0.002382890641437152
TYC 5962-2159-1	A	0.956	0.012	0.997	0.0039	5495.0	101.0	0.817	0.061	4.421	0.003	0.09	0.13	-0.08777794346758454	0.03127245937368705	0.03370026103120892	0.03248636020244798	3.7399676967595092	0.007910009060280832	0.008056754642636665	0.007983381851458748
TYC 5962-2159-1	B	0.6741	0.005	0.6899	0.007	3972.0	110.0	0.107	0.012	4.589	0.009	0.09	0.13	-0.9706162223147904	0.04616318370732109	0.05166017239636178	0.048911678051841434	3.5990092398233435	0.011863760556708236	0.012196970379967809	0.012030365468338022
TYC 6296-1893-1	B	0.649	0.015	0.652	0.013	4009.0	166.0	0.099	0.017	4.624	0.012	0.07	0.03	-1.00436480540245	0.06882279462936858	0.08182134221383319	0.07532206842160089	3.6030360562505215	0.01762042356909932	0.018365671786172655	0.017993047677635987
TYC 6296-2012-1	A	1.121	0.013	1.1779	0.0071	6138.0	99.0	1.77	0.11	4.346	0.005	0.07	0.03	0.24797326636180664	0.026184582901873227	0.02786517832175156	0.027024880611812394	3.7880268840958036	0.006948859955328235	0.007061854487486752	0.007005357221407493
TYC 6296-2012-1	B	0.733	0.0051	0.64	0.017	4498.0	104.0	0.151	0.016	4.69	0.022	0.07	0.03	-0.8210230527068306	0.04373952385441382	0.04864317879816327	0.04619135132628854	3.6530194510996132	0.009927163233011349	0.010159398515121598	0.010043280874066474
TYC 6296-96-1	A	1.0782	0.002	1.055	0.011	5929.0	96.0	1.233	0.088	4.4247	0.0094	0.07	0.03	0.09096307659573168	0.029939741018795582	0.03215758991982487	0.031048665469310226	3.7729814503449637	0.006975600901942158	0.007089473914948297	0.0070325374084452275
TYC 6296-96-1	B	1.0661	0.0025	1.042	0.012	5875.0	95.0	1.164	0.083	4.4303	0.0097	0.07	0.03	0.06595298031386965	0.029913473164672924	0.032127286360559316	0.03102037976261612	3.7690078709437738	0.0069664601855952135	0.007080032523244739	0.007023246354419976
TYC 7023-26-1	NA	0.7	0.01	1.05	0.04	6602.0	32.0	1.89	0.15	4.3	0.04	-2.67	0.05	0.2764618041732441	0.03316836325265465	0.035912555890644404	0.03454045957164953	3.8196755199942927	0.0020999471891709476	0.002110150434512015	0.002105048811841481
TYC 7091-888-1	B	0.7832	0.0029	0.7291	0.0081	5395.0	75.0	0.406	0.024	4.6064	0.0098	-0.33	0.1	-0.39147396642280585	0.02494242200239244	0.02646267066548541	0.025702546333938925	3.7319914490189294	0.005995877314501463	0.006079816723881137	0.0060378470191913
TYC 7482-456-1	NA	0.78	0.02	0.95	0.03	6377.0	34.0	1.345	0.09	4.37	0.04	-2.17	0.05	0.12872228433842678	0.028129616731584373	0.03007855852136987	0.02910408762647712	3.804616416987255	0.002309359896476515	0.0023217055897912786	0.002315532743133897
TYC 8017-108-1	NA	0.947	0.019	0.9179	0.0093	5496.0	19.0	0.693	0.017	4.489	0.007	0.05	0.01	-0.1592667653881933	0.010525114107268557	0.01078653867017082	0.010655826388719689	3.740046724051494	0.0014987927247154254	0.0015039831227086076	0.0015013879237120165
TYC 8346-37-1	NA	0.352	0.008	0.361	0.018	3409.0	118.0	0.0158	0.0015	4.87	0.045	-0.16	0.09	-1.8013429130455774	0.03938901617437285	0.043321049489360774	0.04135503283186681	3.532627001228891	0.014778458438598818	0.01529911893451752	0.015038788686558169
TYC 8511-888-1	B	1.0897	0.0035	1.1814	0.0038	6324.0	44.0	2.018	0.056	4.3297	0.0026	0.0	0.2	0.3049211619008917	0.011887590152130423	0.01222215885696204	0.012054874504546231	3.8009918612601714	0.0030111934694412312	0.0030322175229753334	0.0030217054962082823
TYC 8590-374-1	A	1.436	0.016	1.5269	0.007	7031.0	227.0	5.44	0.78	4.2277	0.0062	-0.15	0.13	0.7355988996981799	0.05819148499263882	0.0672129830081798	0.06270223400040931	3.847017097935354	0.013799865929183586	0.014252792994822627	0.014026329462003106
TYC 8590-374-1	B	1.372	0.018	1.3919	0.0071	6683.0	231.0	3.85	0.58	4.2882	0.0072	-0.15	0.13	0.5854607295085007	0.06094299671456882	0.07091297684821463	0.06592798678139172	3.824971461123693	0.014757914082694779	0.01527710240676905	0.015017508244731914
TYC 9281-3037-1	NA	0.78	0.02	1.06	0.04	6432.0	31.0	1.73	0.13	4.28	0.04	-2.24	0.05	0.2380461031287954	0.03146684108912087	0.03392612047287061	0.03269648078099574	3.808346035740395	0.002088120182277997	0.0020982085446044074	0.0020931643634412023
V* AD Boo	B	1.209	0.006	1.216	0.01	6152.0	114.0	1.91	0.15	4.3506	0.0075	0.1	0.15	0.28103336724772754	0.03283385312142589	0.03552069943357772	0.034177276277501806	3.7890163267933747	0.0079740637523118	0.008123218106296015	0.008048640929303907
V* AK For	A	0.6946	0.00072	0.688	0.02	4690.0	100.0	0.206	0.022	4.605	0.025	-0.2	0.1	-0.6861327796308466	0.04406762663130037	0.049049397359616886	0.04655851199545863	3.6711728427150834	0.009162670699479847	0.009360157177822348	0.009261413938651097
V* AK For	B	0.6348	0.005	0.61	0.016	4390.0	150.0	0.124	0.02	4.67	0.023	-0.2	0.1	-0.906578314837765	0.06494080693301463	0.07638834586345467	0.07066457639823465	3.6424645202421213	0.014591332614982466	0.015098663649388833	0.01484499813218565
V* AL Ari	B	0.9112	0.0006	0.9049	0.0079	5559.0	64.0	0.704	0.035	4.485	0.008	-0.42	0.08	-0.1524273408578878	0.02107177925271353	0.02214654137428912	0.021609160313501324	3.74499667403856	0.004971409470842847	0.005028977279050828	0.0050001933749468375
V* AL Dor	A	1.1018	0.0006	1.0917	0.002	6056.0	60.0	1.44	0.06	4.404	0.002	-0.11	0.05	0.15836249209524964	0.017728766960431602	0.01848340569401316	0.01810608632722238	3.7821858664920165	0.004281610248265899	0.004324242315774551	0.004302926282020225
V* AL Dor	B	1.1028	0.0007	1.0983	0.002	6050.0	60.0	1.46	0.06	4.399	0.002	-0.11	0.05	0.1643528557844371	0.017490732160335448	0.01822482010619908	0.017857776133267264	3.781755374652469	0.0042858355900849965	0.004328552263157537	0.004307193926621267
V* BK Peg	B	1.2569	0.0049	1.474	0.017	6324.0	88.0	3.09	0.21	4.2	0.01	-0.12	0.07	0.4899584794248346	0.028555460453052794	0.030565991665603753	0.029560726059328274	3.8009918612601714	0.006001652421935955	0.0060857547433674775	0.006043703582651716
V* BX Cet	NA	0.246	0.025	0.278	0.01	3483.0	69.0	0.00816	0.0001	4.994	0.017	-0.31	0.05	-2.0883098412461387	0.005289888566521128	0.005355116948770444	0.005322502757645786	3.541953474458236	0.008519482648327248	0.00868995767952141	0.008604720163924329
V* CF UMa	NA	0.63	0.016	0.5846	0.0039	5234.0	22.0	0.231	0.0023	4.72	0.01	-1.33	0.02	-0.6363880201078557	0.004302758901608361	0.004345815285395793	0.004324287093502077	3.7188337183038622	0.0018216382478621895	0.001829311263314981	0.0018254747555885853
V* CQ Ind	A	1.2694	0.0012	1.4096	0.0039	6457.0	74.0	3.12	0.13	4.243	0.002	-0.04	0.08	0.4941545940184428	0.01772876696043152	0.018483405694013133	0.018106086327222326	3.8100307864058394	0.004948897354917214	0.005005941976034212	0.004977419665475713
V* CQ Ind	B	1.1293	0.0013	1.1267	0.0057	6138.0	71.0	1.629	0.079	4.387	0.003	-0.04	0.08	0.2119210843085094	0.020566782044476845	0.021589386138217898	0.02107808409134737	3.7880268840958036	0.004994775750179592	0.005052889151755391	0.005023832450967491
V* FI Vir	NA	0.174	0.004	0.196	0.01	3264.0	111.0	0.00393	0.00032	5.094	0.048	-0.19	0.14	-2.4056074496245734	0.033996379674885	0.03688534846976843	0.03544086407232672	3.5137501500818233	0.014523627085220259	0.015026179333918588	0.014774903209569423
V* GX And	NA	0.423	0.042	0.3849	0.0019	3562.0	13.0	0.02149	0.00022	4.894	0.044	-0.72	0.07	-1.6677635845085568	0.0044234079629768	0.0044689255887142565	0.004446166775845528	3.551693915127225	0.0015821310098744767	0.0015879157796319099	0.0015850233947531933
V* HO Lib	NA	0.297	0.03	0.302	0.0095	3501.0	58.0	0.01235	0.00026	4.951	0.051	-0.17	0.08	-1.9083330424043154	0.009048128977397152	0.009240656734912589	0.00914439285615487	3.5441921107650325	0.007135877238813482	0.007255088060358794	0.007195482649586138
V* HP Boo	NA	0.96	0.019	1.113	0.022	5811.0	58.0	1.272	0.013	4.33	0.03	-0.01	0.02	0.10448711131239508	0.004416016354918242	0.004461381204532433	0.004438698779725338	3.764250875438773	0.004313234074800221	0.004356501413274039	0.00433486774403713
V* IL Aqr	NA	0.409	0.01	0.3751	0.0045	3164.0	25.0	0.01271	0.00025	4.902	0.015	-0.17	0.12	-1.895854449445992	0.00845945098056644	0.00862750823085734	0.00854347960571189	3.500236474825639	0.0034180444173204094	0.0034451591255963976	0.0034316017714584035
V* KX Cnc	A	1.1345	0.0031	1.0527	0.0056	5902.0	95.0	1.211	0.084	4.4483	0.0048	0.07	0.1	0.08314414314305227	0.029125625274218414	0.031220227096945725	0.03017292618558207	3.7709992051639407	0.006934843673838564	0.007047379130616704	0.006991111402227634
V* KX Cnc	B	1.1241	0.0044	1.0593	0.0051	5848.0	94.0	1.178	0.081	4.4388	0.0045	0.07	0.1	0.07114529045108281	0.02888043965677975	0.03093866287637169	0.02990955126657572	3.767007363949804	0.006925283517841052	0.007037506395497051	0.006981394956669051
V* KX Lib	NA	0.745	0.016	0.6948	0.0089	4723.0	71.0	0.216	0.012	4.63	0.02	0.02	0.04	-0.6655462488490691	0.02348109584952296	0.024823583725032128	0.024152339787277544	3.6742179455767	0.006480084120934926	0.006578239520289131	0.006529161820612028
V* LX Mus	A	1.3434	0.0006	1.3449	0.0084	6531.0	75.0	2.97	0.12	4.309	0.005	0.09	0.05	0.4727564493172124	0.01720203010762228	0.01791158930870218	0.01755680970816223	3.8149796837607566	0.004958885594638751	0.0050161620467426005	0.004987523820690676
V* LX Mus	B	1.3543	0.0006	1.396	0.0071	6561.0	60.0	3.26	0.13	4.28	0.004	0.09	0.05	0.5132176000679389	0.016982098135143175	0.017673262521490485	0.01732768032831683	3.8169700377572995	0.0039535501240179904	0.00398987171781906	0.003971710920918525
V* NO UMa	A	0.834	0.017	0.638	0.074	5105.0	102.0	0.249	0.061	4.75	0.1	-0.14	0.1	-0.6038006529042637	0.0951623467385363	0.12204149783205653	0.10860192228529642	3.707995746422929	0.008591831252763082	0.008765243539520018	0.00867853739614155
V* NO UMa	B	0.64	0.017	0.527	0.061	4175.0	106.0	0.076	0.019	4.8	0.1	-0.14	0.1	-1.1191864077192086	0.09691001300805646	0.1249387366082999	0.11092437480817818	3.620656479819621	0.01088874801468842	0.011168789966335524	0.011028768990511972
V* NY Hya	A	1.1609	0.0091	1.407	0.015	5598.0	64.0	1.75	0.085	4.206	0.009	0.07	0.1	0.24303804868629444	0.020598019901813674	0.02162381084395576	0.021110915372884717	3.7480328941301435	0.004936970898940629	0.004993739325210189	0.004965355112075409
V* NY Hya	B	1.1679	0.0099	1.406	0.017	5610.0	65.0	1.762	0.089	4.21	0.011	0.07	0.1	0.2460059040760291	0.02140051467687501	0.022509963113634568	0.02195523889525479	3.7489628612561616	0.005003004608998829	0.005061310770982708	0.005032157689990768
V* QR Hya	A	1.1003	0.0018	1.2844	0.0041	5929.0	68.0	1.828	0.088	4.262	0.003	-0.01	0.06	0.26197619139781264	0.02041931334471303	0.021426943115212926	0.02092312822996298	3.7729814503449637	0.004952598492815596	0.005009728963344617	0.004981163728080107
V* QR Hya	B	1.0673	0.002	1.2028	0.0055	5848.0	67.0	1.52	0.081	4.306	0.004	-0.01	0.06	0.18184358794477254	0.02254774397452719	0.023782794008167324	0.023165268991347257	3.767007363949804	0.004947385014145045	0.005004394574688487	0.004975889794416766
V* V1216 Sgr	NA	0.175	0.004	0.2054	0.0064	3160.0	74.0	0.00379	0.00027	5.056	0.029	-0.97	0.03	-2.421360790031928	0.029886823609122093	0.03209654648994098	0.030991685049531537	3.499687082618404	0.010052932951978288	0.010291160891274576	0.010172046921626432
V* V1428 Aql	NA	0.475	0.047	0.4826	0.0045	3541.0	19.0	0.03298	0.00033	4.748	0.044	-0.22	0.06	-1.4817493486915	0.004323981382676978	0.004367465697407091	0.004345723540042035	3.5491259267581112	0.0023240712147640785	0.0023365751268529245	0.0023303231708085015
V* V2306 Oph	NA	0.3	0.007	0.3061	0.0065	3372.0	47.0	0.01091	0.00039	4.944	0.021	-0.21	0.11	-1.9621752494116582	0.015253692895077942	0.015809010770621468	0.015531351832849705	3.527887565952705	0.00601153484388961	0.00609591631358164	0.006053725578735625
V* V2500 Oph	NA	0.146	0.015	0.1871	0.001	3251.0	23.0	0.00352	9e-05	5.058	0.044	-0.86	0.09	-2.453457336521869	0.010964538427526538	0.011248543435360858	0.011106540931443698	3.5120169694961265	0.0030617055797961257	0.003083443446093792	0.003072574512944959
V* V362 Pav	B	0.8768	0.005	0.8428	0.0056	4955.0	205.0	0.386	0.064	4.53	0.006	0.02	0.15	-0.41341269532824504	0.06662520910358871	0.07873143297592405	0.07267832103975638	3.695043658821294	0.017606042805917266	0.018350049196427687	0.017978046001172476
V* V376 Peg	NA	1.136	0.023	1.159	0.011	6126.0	18.0	1.705	0.037	4.365	0.006	0.04	0.01	0.23172438332851655	0.009323767343127842	0.009528337026796618	0.00942605218496223	3.787176992470554	0.0012742145529016646	0.0012779640861704245	0.0012760893195360445
V* V439 And	NA	0.875	0.008	0.923	0.013	5377.0	41.0	0.6419	0.0064	4.46	0.02	0.11	0.01	-0.19253262431572207	0.004308645918625842	0.0043518207942508935	0.004330233356438368	3.730540036477119	0.003298964220030509	0.0033242155686266095	0.0033115898943285593
V* V452 Vul	NA	0.775	0.018	0.7421	0.0062	4875.0	43.0	0.28	0.011	4.587	0.004	-0.08	0.03	-0.5528419686577808	0.016734957643688153	0.01740575133981115	0.01707035449174965	3.687974620034556	0.003813904368142662	0.003847694421480252	0.003830799394811457
V* V530 Ori	A	1.0037	0.0067	0.98	0.013	5984.0	97.0	1.038	0.076	4.457	0.012	-0.12	0.08	0.01619735351243906	0.030687837325271076	0.03302228147462606	0.031855059399948565	3.776991584856405	0.006983418556266496	0.0070975490442357625	0.007040483800251129
V* V530 Ori	B	0.5955	0.0022	0.5874	0.0068	3882.0	118.0	0.0705	0.0086	4.675	0.01	-0.12	0.08	-1.1518108830086013	0.049987366506277775	0.056498467971280775	0.053242917238779275	3.589055531052344	0.013004460275618523	0.01340591629712451	0.013205188286371516
V* V987 Cas	NA	0.858	0.027	0.824	0.019	5292.0	77.0	0.479	0.017	4.55	0.03	0.03	0.02	-0.3196644865854368	0.015146163075634211	0.015693537858437745	0.015419850467035978	3.7236198355154633	0.00627356844777438	0.006365522752913577	0.006319545600343979
V* VZ Hya	A	1.271	0.006	1.314	0.005	6442.0	150.0	2.68	0.25	4.305	0.0039	-0.2	0.12	0.42813479402878885	0.03873282632532066	0.04252852043047661	0.040630673377898635	3.8090207204836726	0.00999647820538696	0.010232006532423288	0.010114242368905124
V* VZ Hya	B	1.146	0.007	1.112	0.007	6295.0	147.0	1.75	0.16	4.405	0.0061	-0.2	0.12	0.24303804868629444	0.037995318561433095	0.041640924365842935	0.039818121463638015	3.7989957344438814	0.010024986039791184	0.010261875616174088	0.010143430827982636
