goodMS700
::::::::::::::::::::::::::::::::::::::

NN rad NUTPIE - MS stars.  target_accept=0.95, TD 20.
target_accept= 0.95
/Users/user1/miniforge3/envs/bhs_env/lib/python3.11/site-packages/pymc/pytensorf.py:958: FutureWarning: compile_pymc was renamed to c
ompile. Old name will be removed in a future release of PyMC
  warnings.warn(
/Users/user1/miniforge3/envs/bhs_env/lib/python3.11/site-packages/pymc/pytensorf.py:958: FutureWarning: compile_pymc was renamed to c
ompile. Old name will be removed in a future release of PyMC
  warnings.warn(
_________________________________________________________________________________________________________________________ 20000/20000
/Users/user1/miniforge3/envs/bhs_env/lib/python3.11/site-packages/arviz/stats/diagnostics.py:596: RuntimeWarning: invalid value encou
ntered in scalar divide
  (between_chain_variance / within_chain_variance + num_samples - 1) / (num_samples)
/Users/user1/miniforge3/envs/bhs_env/lib/python3.11/site-packages/arviz/stats/diagnostics.py:991: RuntimeWarning: invalid value encou
ntered in scalar divide
  varsd = varvar / evar / 4
AZ Stats for ESS Bulk < 400:
                    mean     sd  hdi_3%  hdi_97%  mcse_mean  mcse_sd  ess_bulk  ess_tail  r_hat
act_1[102, 12]    0.473  0.548  -0.017    1.486      0.227    0.085       6.0      32.0   1.73
act_1[318, 12]    0.392  0.445  -0.016    1.217      0.174    0.060       6.0      19.0   1.73
act_1[315, 12]    0.414  0.475  -0.017    1.296      0.190    0.069       6.0      20.0   1.75
act_1[410, 12]    0.458  0.530  -0.016    1.440      0.219    0.081       6.0      28.0   1.74
act_1[280, 12]    0.358  0.402  -0.014    1.081      0.159    0.048       6.0      21.0   1.73
...                 ...    ...     ...      ...        ...      ...       ...       ...    ...
w_1_2[9, 11]      0.009  0.301  -0.554    0.563      0.015    0.009     392.0     554.0   1.01
w_1_2[11, 1]     -0.012  0.301  -0.568    0.559      0.015    0.009     393.0     654.0   1.01
X_latent[52, 1]  -1.240  0.101  -1.430   -1.045      0.005    0.002     396.0    1531.0   1.01
ann_input[52, 1] -1.240  0.101  -1.430   -1.045      0.005    0.002     396.0    1531.0   1.01
w_1_2[0, 11]      0.039  0.302  -0.539    0.604      0.015    0.006     399.0     987.0   1.00

[18340 rows x 9 columns]

/Users/user1/miniforge3/envs/bhs_env/lib/python3.11/site-packages/arviz/stats/diagnostics.py:596: RuntimeWarning: invalid value encou
ntered in scalar divide
  (between_chain_variance / within_chain_variance + num_samples - 1) / (num_samples)
rhats:  [('Omega_cholesky-cov-packed__', 1.0261322409552274), ('X_latent', 1.1642425410791675), ('w_in_1', 1.7246853221884868), ('w_1
_2', 1.190927593222722), ('w_2_out', 1.5761980636056305), ('bias_1', 1.6993663164190929), ('bias_2', 1.4138883841947505), ('bias_out'
, 1.180231815999361), ('er_log__', 1.065222539682146), ('Omega', 1.0261322409552274), ('er', 1.065222539682146), ('Omega_corr', 1.003
5023979022797), ('Omega_stds', 1.0023118049776587), ('ann_input', 1.1642425410791675), ('act_1', 1.8184190908583662), ('act_2', 1.492
9341761060702), ('act_out', 1.1387727200391917)]
Computing ... ──────────────────────────────────────── 100% 0:00:00
/Users/user1/miniforge3/envs/bhs_env/lib/python3.11/site-packages/arviz/stats/stats.py:1045: RuntimeWarning: overflow encountered in
exp
  weights = 1 / np.exp(len_scale - len_scale[:, None]).sum(axis=1)
/Users/user1/miniforge3/envs/bhs_env/lib/python3.11/site-packages/arviz/stats/stats.py:797: UserWarning: Estimated shape parameter of
 Pareto distribution is greater than 0.70 for one or more samples. You should consider using a more robust model, this is because imp
ortance sampling is less likely to work well if the marginal posterior and LOO posterior are very different. This is more likely to h
appen with a non-robust model and highly influential observations.
  warnings.warn(
loo trace:  Computed from 8000 posterior samples and 560 observations log-likelihood matrix.

         Estimate       SE
elpd_loo   540.84    38.32
p_loo      667.51        -

There has been a warning during the calculation. Please check the results.
------

Pareto k diagnostic values:
                         Count   Pct.
(-Inf, 0.70]   (good)      190   33.9%
   (0.70, 1]   (bad)       274   48.9%
   (1, Inf)   (very bad)   96   17.1%

Found 370 problematic data points.
Indices of bad points: [  0   2   4   5   8  10  12  13  15  16  18  20  22  24  25  26  28  30 
  31  32  34  35  37  38  40  43  44  45  46  47  48  49  52  53  54  55
  56  58  60  61  62  63  64  65  66  68  71  72  73  74  76  79  81  83
  84  85  87  88  89  90  91  92  94  98 100 101 102 103 104 105 108 109
 111 112 113 114 116 118 119 120 121 122 125 126 129 130 131 132 133 134
 136 137 138 141 142 143 144 145 146 147 148 150 151 154 155 158 159 162
 163 164 166 169 170 171 172 174 175 178 179 180 183 184 185 187 188 191
 192 194 196 197 198 199 200 201 203 204 205 206 209 210 211 213 214 215
 216 218 220 221 222 223 224 225 227 229 232 233 235 236 237 238 241 243
 246 247 248 249 250 251 252 253 255 256 257 259 262 263 264 266 268 269
 270 271 272 274 276 281 282 283 284 285 287 288 289 290 291 293 294 297
 298 299 300 302 303 304 305 306 308 310 311 312 314 315 316 317 318 321
 323 324 326 327 329 330 331 332 333 334 335 336 337 338 339 340 342 343
 344 347 349 350 351 352 353 354 355 357 358 361 362 363 364 365 366 368
 369 370 373 374 377 379 380 382 385 386 388 389 391 392 393 395 397 398
 399 400 402 404 405 406 409 410 411 414 415 417 418 419 420 421 422 423
 424 425 428 429 432 437 438 439 440 441 444 445 446 451 452 453 454 456
 458 461 462 463 467 468 469 470 471 472 473 474 476 477 478 479 480 481
 483 485 487 488 491 492 493 494 496 497 498 499 501 502 504 505 506 507
 509 510 511 513 514 519 521 523 524 527 528 529 530 531 534 535 536 537
 540 542 543 547 548 550 552 554 557 558]
/Users/user1/miniforge3/envs/bhs_env/lib/python3.11/site-packages/arviz/stats/stats.py:1045: RuntimeWarning: overflow encountered in
exp
  weights = 1 / np.exp(len_scale - len_scale[:, None]).sum(axis=1)
/Users/user1/miniforge3/envs/bhs_env/lib/python3.11/site-packages/arviz/stats/stats.py:797: UserWarning: Estimated shape parameter of
 Pareto distribution is greater than 0.70 for one or more samples. You should consider using a more robust model, this is because imp
ortance sampling is less likely to work well if the marginal posterior and LOO posterior are very different. This is more likely to h
appen with a non-robust model and highly influential observations.
  warnings.warn(
starting parallel prediction on 32 worker(s)_
finished chain 2/4
finished chain 1/4
finished chain 3/4
finished chain 4/4

means:  [1.88531172 2.16877821 2.47107031 2.21389186 0.98997996 1.97775945
 1.45352204 1.47501657 1.91997017 1.6034278  2.19848258 1.5199499
 1.89954386 1.58346802 0.24462897 2.14410661 1.79253934 1.15070196
 1.04856601 2.3861597  1.6968186  1.42952575 1.31336543 2.61708792
 1.88108662 1.05266953 0.65239441 2.04316426 1.66877332 1.21406209
 1.66015814 1.50125074 2.7814193  0.61694278 1.49663518 1.3404252
 1.6572686  1.1586447  1.6689216  1.44730571 1.8295155  1.50752446
 1.82799054 1.6650023  2.11161529 1.64299393 1.74979061 1.36010187
 1.69541678 1.76165164 2.78157299 1.54779206 2.64389619 1.68141063
 0.99835546 0.77838121 1.57545252 1.28766028 1.97244696 1.50646617
 2.37262209 1.82848653 1.99983507 2.03220774 1.97477134 1.17586206
 1.37524393 1.79883164 2.03744961 1.32928138 2.63482718 0.88823654
 2.08447261 1.54734527 1.06689441 1.98085988 1.45689383 2.11843916
 2.1359758  2.40534517 0.82311972 1.52832158 2.02217451 2.44954833
 0.95586685 2.02346835 1.96505693 1.33152608 2.05357879 1.60122584
 1.642821   1.7571395  2.60659344 1.4996592  1.42788596 2.58522298
 2.37041894 2.45112641 1.56602863 1.51556404 1.16377229 1.82948451
 1.96395204 1.97304631 1.5171016  1.53244383 1.63855582 0.26603496
 2.34296464 0.34557953 2.07091695 1.2323777  1.65291423 1.94492029
 1.07882785 1.44996482 2.12988675 1.58401766 1.51062969 1.31775671
 2.92543604 1.39379461 1.29934764 1.86596956 1.49347048 1.3891235
 1.56904466 1.75670696 1.43107704 1.7598204  0.83746436 1.01287064
 1.87398555 2.32891182 0.42915272 1.59884871 1.42277948 0.2685032
 1.88211863 2.50174914]

stdvs:  [0.08872381 0.05717398 0.05985964 0.06731274 0.02355994 0.03851763
 0.03281213 0.0391847  0.0481749  0.05051176 0.05494186 0.04084898
 0.05251518 0.04042683 0.0196615  0.05427748 0.03157412 0.02087849
 0.02311476 0.08289965 0.04348689 0.05066784 0.01796226 0.07828331
 0.04430023 0.02032295 0.14120809 0.07718501 0.03932425 0.01429282
 0.03125391 0.32832847 0.07046935 0.02891382 0.0366578  0.03590825
 0.04097571 0.03538509 0.05027754 0.04278961 0.03403438 0.02995659
 0.04795866 0.0497695  0.06152377 0.04792614 0.05062576 0.09798292
 0.04199953 0.0528112  0.06792353 0.03515672 0.05377933 0.04154985
 0.0289521  0.02781944 0.03595793 0.03699818 0.05830785 0.03737941
 0.07481202 0.02363183 0.0594348  0.0436041  0.05349456 0.0407517
 0.02037598 0.04590025 0.28713577 0.01305557 0.080389   0.03910391
 0.03810088 0.06104342 0.03730055 0.06205855 0.03460323 0.05085077
 0.07116702 0.069908   0.03134892 0.04584573 0.04623471 0.06460934
 0.01905733 0.05898315 0.0461025  0.02091424 0.05865957 0.03340362
 0.09063226 0.04855225 0.0572439  0.02913231 0.02076946 0.07365593
 0.0756273  0.07756904 0.04120172 0.04493687 0.03869943 0.17707547
 0.06570723 0.05271723 0.03479081 0.03218028 0.03692357 0.02533491
 0.07318103 0.03056752 0.05715134 0.04816212 0.04942252 0.04656066
 0.02559171 0.03602446 0.05637052 0.04037412 0.04543263 0.03062692
 0.10939357 0.04301261 0.02842704 0.06744999 0.0391618  0.0377684
 0.04606718 0.04438641 0.04428999 0.04266966 0.04485251 0.02634203
 0.04099491 0.06103544 0.02596066 0.06616251 0.03058416 0.01734932
 0.03940061 0.06008056]

test set:  130    2.01000
425    2.21800
412    2.42900
351    2.14200
551    0.99700
653    1.99840
423    1.48200
164    1.41000
162    1.88000
343    1.57000
452    2.17600
366    1.48800
318    1.85800
555    1.52700
189    0.24235
160    2.08000
146    1.88200
94     1.16900
584    1.05500
431    2.35900
89     1.72700
52     1.41000
91     1.33800
71     2.60000
186    1.87000
489    1.03900
642    0.71900
549    2.04800
373    1.65000
537    1.22400
395    1.65600
636    0.93400
324    2.81400
156    0.61000
470    1.51100
282    1.35700
48     1.64000
696    1.17000
294    1.64100
42     1.44000
501    1.88700
409    1.52600
339    1.80500
101    1.64900
379    2.09200
22     1.71000
306    1.75800
676    1.37000
459    1.67800
394    1.73300
9      2.88000
163    1.50000
254    2.68800
90     1.69400
98     1.00500
119    0.76800
684    1.59000
328    1.28400
60     1.92000
432    1.50100
440    2.34200
502    1.79400
292    1.96800
463    2.05300
316    1.96500
613    1.20000
498    1.34500
477    1.77500
632    1.88200
198    1.31800
341    2.61900
672    0.91000
504    2.12400
420    1.72600
533    0.98800
474    1.99800
607    1.40700
97     2.24400
284    2.08400
66     2.34000
209    0.78900
270    1.54600
478    2.01400
375    2.44500
532    0.96400
37     2.02000
367    2.00200
109    1.34900
14     2.05000
81     1.61400
127    1.83500
348    1.74600
605    2.59000
690    1.53000
496    1.41700
273    2.55000
286    2.33200
47     2.27000
70     1.55000
227    1.46100
80     1.16300
628    1.68000
13     1.88000
181    1.97000
266    1.51100
88     1.58400
335    1.66300
595    0.23700
33     2.27000
600    0.32900
678    2.12000
393    1.14800
400    1.63700
7      1.99000
208    1.04100
171    1.49000
183    2.06000  
283    1.56400
57     1.39000
610    1.27600
554    3.22200
56     1.29000
321    1.31600
36     1.81000
449    1.47000
29     1.35000
406    1.53800
461    1.73500
439    1.41400
161    1.74000
153    0.90000
205    1.02300
689    1.81000
467    2.29300
548    0.40800
247    1.52100
490    1.41400
654    0.25500
338    1.92800
417    2.65600
Name: R, dtype: float64
MAE:  0.04399037230070659
MARD 2.9407631574640862
MRD -1.012229347742629
Peak Memory: 8170.66 MB
CPU time accumulated: 11501.86747 s
Total wall clock time: 2418.10313 s = 40mins
><><><><><><><><><><><><><><><><><><><><><><><><><><
><><><><><><><><><><><><><><><><><><><><><><><><><
Salve Regina