ID,BART_weight,HBNN_weight,GP_weight
KIC3432992,0.007813495258953617,0.4112299001965894,0.5809566045444565
KIC1864183,0.004034314251174987,0.38116601378580117,0.6147996719630255
EPIC210683150,0.00018547606333069343,0.013318983659758967,0.9864955402769124
KIC9589060,1.557567889450946e-05,0.2255435661655262,0.7744408581555768
KIC7616655,0.00916989521891924,0.5687145380677274,0.4221155667133551
EPIC247047052,0.0016946829611793684,0.2317821973603672,0.7665231196784539
KIC9968249,0.004163589200769811,0.31443134715881615,0.6814050636404151
KIC6612480,0.0035557378744063687,0.5652032344814703,0.4312410276441256
EPIC248568868,0.00011999081748196237,0.37639837739045184,0.6234816317920652
EPIC246377577,0.00038654577593697257,0.17496516697678025,0.8246482872472833
EPIC210984048,0.0002887802456733909,0.17109899693583505,0.8286122228184912
KIC8558329,0.00048508112188963033,0.3276406691886529,0.6718742496894603
KIC6803104,8.7383287370505e-09,0.15354731851760411,0.8464526727440669
KIC9026209,1.9885812699834658e-08,0.14342455118264363,0.8565754289315439
EPIC210435152,2.0820302228235325e-05,0.09785073990259142,0.9021284397951812
KIC5856737,0.00032246559645965155,0.035567615867197415,0.964109918536344
EPIC212134953,0.02679179007756012,0.39977687484901164,0.573431335073428
KIC9116434,9.761172119871735e-05,0.05273380766822493,0.947168580610574
KIC9880457,0.015208494095100106,0.39136480062919266,0.5934267052757088
KIC8328668,0.006451338920026533,0.2601983483027512,0.733350312777221
EPIC210474556,0.00045652070875833124,0.45276312665863255,0.5467803526326096
EPIC211888522,0.003052317762180454,0.25022841888361314,0.7467192633542072
KIC11407805,2.213382766160954e-05,0.024776116273308033,0.9752017498990332
EPIC204198376,5.2097440200450364e-05,0.29858119426212076,0.7013667082976802
EPIC211439170,0.005837254982950943,0.15189787759404696,0.8422648674230011
EPIC212593364,0.0006237498634760665,0.027585248166063295,0.9717910019704622
EPIC212028009,0.0036056326718442904,0.06683133308533012,0.9295630342428256
KIC7667757,0.004258670012717007,0.46012024837678317,0.5356210816105008
KIC9692954,0.00028088023905544727,0.26525116466728166,0.7344679550936637
KIC4671204,3.529565335961208e-05,0.33349262035136623,0.666472083995274
KIC7587773,0.0039378346786901166,0.22610974246088844,0.7699524228604229
EPIC213460379,0.001498644070384234,0.09240850887421745,0.906092847055399
KIC8738333,0.010691219258281162,0.39948152910825413,0.5898272516334658
EPIC211974234,0.012917130726026974,0.34189439338450783,0.6451884758894652
EPIC210446038,1.3027519147653019e-05,0.026449957338571604,0.9735370151422812
EPIC210746719,0.0005421574013970586,0.03861695449620442,0.9608408881024013
KIC7429237,4.463062878392598e-10,0.4565989847793349,0.5434010147743592
EPIC206156731,0.02509177362865734,0.5258937249478829,0.44901450142345933
KIC7430868,0.018076501577930025,0.4846020506821521,0.4973214477399181
EPIC212461950,0.009138024018819677,0.45836703986086397,0.5324949361203154
KIC6212708,0.0010968687693636151,0.4826280109007439,0.5162751203298918
KIC11554144,0.003546466366033662,0.5313557649913807,0.4650977686425853
KIC7732255,0.05341904066982622,0.4257743514892022,0.5208066078409721
EPIC210410854,3.0508545302220066e-05,0.2787935749542244,0.7211759165004751
KIC9995162,0.008053481836224253,0.3841989894377602,0.6077475287260162
KIC11667420,0.00021319858538744926,0.33637563521459773,0.6634111662000128
KIC8683589,1.5197214465195176e-07,0.6539458874560343,0.3460539605718214
KIC5176709,0.014097971141014255,0.2893055279192689,0.6965965009397174
KIC11759700,0.002794785020059895,0.2750222475264925,0.7221829674534459
EPIC246405331,0.002158365283967542,0.15688906085276563,0.8409525738632668
EPIC220631425,0.00018962879194651177,0.20769994545694365,0.79211042575111
EPIC212627232,0.00029840350297578367,0.04284862302305274,0.9568529734739706
KIC8524315,0.008516936678651407,0.17184409757225774,0.8196389657490911
EPIC211413430,0.0016329606112420536,0.4167145256109637,0.5816525137777928
EPIC210658376,0.0019297008075355715,0.11568992036746677,0.8823803788250002
EPIC246234071,0.002366363647868319,0.29208030793052314,0.7055533284216087
KIC12251438,8.941558061460082e-07,0.765569291402715,0.2344298144414783
KIC8350645,0.01271807796940149,0.36469133626924816,0.622590585761352
EPIC210749402,0.0006150875892547571,0.028473100633744922,0.9709118117770005
EPIC220447896,0.029326787438835236,0.12539062395134867,0.8452825886098159
KIC3861797,0.0002700516974296666,0.11136402996559995,0.888365918336972
EPIC210700361,0.003507808916772623,0.11311625962364308,0.8833759314595824
EPIC211658621,0.01160721377815177,0.317723366222982,0.6706694199988665
KIC9899421,0.00024110276643935497,0.3928715736498192,0.6068873235837418
KIC5525400,0.007328919119300847,0.4025275138443857,0.5901435670363107
KIC5610212,0.008111023714318365,0.18245362167814827,0.8094353546075305
KIC6425089,0.00021564227029176328,0.22464596968762834,0.7751383880420804
KIC9887609,0.0011211022285987171,0.1524784352915358,0.8464004624798651
KIC6879252,0.003342485365310719,0.4593264096519715,0.5373311049827181
KIC11033569,3.878889296055746e-05,0.07467299907866642,0.9252882120283727
KIC7040879,0.006298358822054314,0.5350849800807137,0.45861666109723237
KIC8082339,0.0001789598725832999,0.5908978312979422,0.4089232088294746
KIC9692529,0.003251249608358746,0.2724526432893517,0.7242961071022889
KIC11810190,0.00010406602797281607,0.4256652834410438,0.5742306505309857
EPIC212166707,0.13046294363403155,0.37475238525806037,0.4947846711079068
KIC7543672,0.00014323912282891918,0.25399684019963903,0.745859920677529
KIC3103827,0.004746564698281669,0.7013686368118556,0.29388479848986204
KIC5350351,0.0005814455137942777,0.16765568152599572,0.8317628729602096
KIC9350031,0.005907710908090249,0.627620763169216,0.366471525922694
EPIC210837904,0.003068903186913119,0.45344249321202756,0.5434886036010569
KIC6939158,0.0001307997214298463,0.3081031364855498,0.6917660637930177
KIC11415061,8.951091741296694e-07,0.20920692312358335,0.7907921817672411
EPIC212469827,0.00016084511187340394,0.1622661661391591,0.8375729887489678
KIC7871690,0.0072135899889567475,0.3744037344135815,0.6183826755974628
KIC2972876,0.0007420547475436855,0.3010878148745232,0.6981701303779343
KIC8690175,3.715007807723902e-07,0.22082934866229384,0.7791702798369247
KIC2018392,0.004954494486665236,0.37419446102412973,0.6208510444892046
KIC6304664,2.0315954522170222e-05,0.4567098552617871,0.5432698287836913
KIC4066278,0.0007744849689567032,0.1332127350623735,0.8660127799686709
KIC6698720,0.0012193703863824876,0.3685968970781985,0.6301837325354186
EPIC206194285,0.0006486784463512025,0.3642014626844208,0.6351498588692293
EPIC205958354,0.0004326773582400911,0.13302530105679827,0.8665420215849603
EPIC220176759,0.0006009267575545245,0.47378166212437256,0.525617411118073
KIC7270385,0.00023312124973905358,0.26214398581959747,0.7376228929306623
EPIC246218278,0.0018334750351837103,0.5728793516048206,0.42528717335999583
KIC4738308,0.02408811975115173,0.3803383392716568,0.5955735409771917
KIC5514024,4.9986911287721335e-05,0.06250746922992384,0.9374425438587903
KIC10937071,5.1827818770559074e-05,0.023008308024248747,0.97693986415698
KIC5623794,3.9630790036306875e-07,0.3051544851201536,0.6948451185719443
KIC8557457,2.5364111526854073e-05,0.6417248740923592,0.35824976179611423
KIC6590195,0.0004187440401378387,0.0836510067259683,0.9159302492338915
KIC5284948,0.00045722535112671273,0.06750736870804996,0.932035405940822
KIC10407047,0.00042162359501584523,0.09397084843883138,0.9056075279661533
KIC7810708,2.3809449242157206e-05,0.19162878649249596,0.808347404058261
EPIC248554817,9.715229164745414e-06,0.04461403349150576,0.9553762512793279
EPIC210850780,0.00024337358320819974,0.09520881122734341,0.9045478151894468
KIC4348513,0.00015395876436199735,0.39696892028577085,0.6028771209498666
EPIC205985980,0.002207996257289881,0.5572082406472433,0.4405837630954678
EPIC206051624,0.0004322810257982298,0.24230599260475177,0.7572617263694491
KIC7610636,0.031501146458634915,0.3390026013284425,0.629496252212923
KIC9076584,0.0005387933657355148,0.09157792192684436,0.9078832847074231
KIC6264743,1.344930246336223e-05,0.2919517040875077,0.708034846610028
KIC2832426,0.04193637288539059,0.34778076782941103,0.6102828592851975
KIC9658002,0.0010446857485127798,0.4765199994787925,0.522435314772696
KIC11204531,0.002750192515335498,0.37693251157904445,0.6203172959056186
KIC10547575,0.0003884174227873061,0.38556170968223963,0.6140498728949735
KIC9787045,0.0031704058712720548,0.374306989043924,0.6225226050848043
KIC10383368,0.03426035511349147,0.5618294105559486,0.4039102343305602
KIC10815204,1.8363090277824977e-07,0.5572319601111103,0.4427678562579864
KIC10067407,0.0016446468040052827,0.4833239890071388,0.5150313641888563
EPIC205912715,4.4289550246463725e-05,0.021774443069705225,0.9781812673800473
KIC11145974,0.0009285788037657804,0.37778472770543703,0.621286693490797
EPIC201833846,0.007772766355862289,0.38825875605556104,0.6039684775885737
KIC10213610,0.04384694539141639,0.38946317831022875,0.5666898762983544
KIC8223068,1.0235142040580923e-05,0.46624670913396765,0.5337430557239956
KIC10989961,0.003185134822673721,0.44082325522561316,0.5559916099517124
KIC12168406,2.8248452150896278e-05,0.3129685972584466,0.6870031542894024
KIC5384777,6.214700351270617e-05,0.01741493057168314,0.9825229224248023
KIC2696115,1.5259896247285704e-06,0.15449077473400274,0.8455076992763706
KIC12258572,1.1214509194276165e-06,0.4011073750785087,0.5988915034705729
KIC8489118,0.03354040492540351,0.365125756296663,0.6013338387779358
EPIC245924645,0.011450397369194003,0.23536040313599743,0.7531891994948094
EPIC248876801,0.0003108427481208726,0.045919590732928166,0.9537695665189523
KIC5478192,0.006699035032710367,0.4319481244122049,0.5613528405550853
KIC11200383,0.00031139691911095,0.09769982005267265,0.9019887830282153
KIC6209377,0.047385341091548516,0.3987110276191429,0.5539036312893093
EPIC210942953,0.0012665224975563771,0.2508042542881015,0.7479292232143396
KIC9080407,0.013251800186523433,0.379097859091957,0.6076503407215187
EPIC201682980,0.0068320948133561085,0.12219336265134026,0.8709745425353038
KIC7670489,0.0007498656945089645,0.556350324271399,0.44289981003409157
EPIC211740473,0.02584438541899262,0.5825442927840739,0.3916113217969329
KIC11136049,0.0001548762352182621,0.15174355677295687,0.8481015669918256
KIC4067825,0.012066954689325657,0.5840284356260991,0.40390460968457437
KIC3855039,0.0001170653760927679,0.3403447854574544,0.6595381491664513
KIC2437507,7.672089203031008e-08,0.26063613697937416,0.7393637862997355
KIC9430786,0.027808552439569548,0.35322892862083116,0.6189625189395991
KIC5446355,2.471598342354777e-06,0.20529073290127287,0.7947067955003853
KIC5175172,0.000288571716574411,0.5072887603799197,0.4924226679035052
KIC9512426,0.019928280865877068,0.5030604812619973,0.4770112378721236
KIC7449151,0.000478548688639075,0.07163114776579114,0.9278903035455708
EPIC210575071,0.02419136891808115,0.3492536848772497,0.6265549462046676
EPIC210366266,0.09160134065181243,0.40407676312903545,0.5043218962191529
KIC7428624,7.829994028132778e-07,0.30133726530476407,0.6986619516958346
KIC8510483,2.6671167377319008e-05,0.2941612033683047,0.7058121254643184
KIC3424072,0.0006522997104331324,0.10924976392902862,0.8900979363605417
KIC9823871,0.0010562669822143172,0.6848341209082687,0.3141096121095158
KIC3222740,0.04846768259742376,0.4252683739556126,0.5262639434469646
EPIC206107394,1.8248093054397628e-05,0.00932655024133246,0.9906552016656125
KIC10122158,0.00032106685979628626,0.04651232353331796,0.9531666096068845
EPIC220622778,0.0009179317617768743,0.6081642220185078,0.3909178462197147
EPIC246280671,2.1872634745224213e-05,0.3329906400946704,0.666987487270585
KIC5641322,0.00021597785648213758,0.2593288500594678,0.7404551720840508
KIC6752140,0.00039692888637416044,0.7154405754675016,0.2841624956461239
KIC9784687,0.0011397773947625478,0.5762371903526371,0.4226230322526009
EPIC212873074,0.002317410475788671,0.6390288393824609,0.3586537501417512
KIC5881531,0.020639093483077294,0.35644652173398744,0.622914384782935
KIC11498178,0.00010518641736035601,0.03053541259459228,0.9693594009880478
KIC11353223,0.0019018761484903002,0.34558187256476586,0.652516251286741
KIC3337740,0.0014492026022818586,0.22874281807645383,0.7698079793212649
KIC11670968,0.0024702934420454668,0.6909407712021475,0.30658893535580817
KIC11097749,0.03696682454144166,0.39716915697164207,0.5658640184869151
KIC12217017,0.0007493509451529381,0.14569741726470306,0.8535532317901432
KIC6114108,6.196727498284728e-05,0.0657740076507928,0.9341640250742248
KIC9228331,9.693413672676671e-05,0.41734883440217935,0.5825542314610942
KIC6937017,0.005999797399956206,0.5428387361712651,0.4511614664287781
EPIC211513322,0.057620769910655505,0.31214727789212177,0.6302319521972223
EPIC212704676,0.027870889599465862,0.1618730840104699,0.8102560263900617
KIC7212148,0.06548937008356534,0.45036870760213255,0.4841419223143036
KIC12264780,0.0004690215996303916,0.04012994920990285,0.959401029190467
KIC3972675,4.8913839559879514e-05,0.3702236869427197,0.6297273992177193
KIC4931389,2.4151219501903493e-05,0.02029316189161542,0.9796826868888832
KIC3248697,0.015279379322597217,0.5455323252185383,0.43918829545886545
KIC4818593,0.012449387501995162,0.23488565189845126,0.7526649605995542
EPIC247419145,0.0003471964764125677,0.11732796807377364,0.882324835449815
EPIC213762399,0.0041488594798624115,0.1529511948860143,0.8428999456341218
KIC11127981,0.00916399845791355,0.3528702695996591,0.6379657319424282
KIC6037363,0.03148979257875789,0.48667129233137874,0.48183891508986126
KIC9519335,0.035741223339597714,0.3743000382084928,0.5899587384519088
KIC8145152,2.064155936602725e-05,0.2876499727778394,0.7123293856627941
KIC11910249,0.0010077459182819238,0.5783750883392035,0.42061716574251445
KIC10159217,0.008718533149754707,0.37866352302866657,0.6126179438215789
EPIC212341571,0.01190978329285315,0.22113195543982636,0.7669582612673195
KIC7908109,0.00025899690010387685,0.7050704512812259,0.2946705518186697
KIC5112948,0.005209577133512688,0.2486490623882538,0.7461413604782311
KIC3425044,0.018175776404074643,0.4591874921344477,0.5226367314614783
KIC10003349,0.034143922182183116,0.39697616542778047,0.568879912390038
KIC4565852,0.00023957464770518,0.02259139243786738,0.977169032914428
EPIC210830419,0.007175822391153291,0.33408527842282904,0.6587388991860179
KIC10670445,0.0019176020287442865,0.39370568332617933,0.6043767146450771
KIC4349133,0.0009456527399429397,0.3207731485449362,0.6782811987151203
KIC10555186,0.0002251274837289105,0.06912708058540037,0.9306477919308711
KIC4060615,0.03852517330320288,0.3784281697846595,0.583046656912139
KIC8108732,0.002380423285245587,0.07563196361127399,0.9219876131034783
EPIC213680013,0.007371507872583142,0.3761552642638272,0.6164732278635898
EPIC247763355,0.0001864112083592596,0.29136860253015057,0.7084449862614883
KIC8098590,0.0026148697739728664,0.20745038255625625,0.7899347476697703
KIC8561216,0.0006374185613607518,0.31091287385314004,0.6884497075854995
KIC7434436,0.001155984745232631,0.35487514383062524,0.6439688714241419
KIC8806231,5.014954193872462e-08,0.21309715121028436,0.7869027986401724
KIC5283733,0.001013502845185423,0.35961941095553135,0.6393670861992811
KIC11667266,0.014073400691172178,0.48102204108493657,0.5049045582238904
EPIC220295541,0.05007497411157459,0.1783558019486671,0.7715692239397561
EPIC211832927,0.09162641442785414,0.2862215564260654,0.62215202914608
KIC12022176,0.0017256658572219897,0.17916199758146337,0.8191123365613154
KIC4913049,0.00014462174110423137,0.0202949754613454,0.979560402797551
KIC5960552,0.01597101412595622,0.6169488124436238,0.36708017343042304
KIC10990113,6.493862711553295e-05,0.28746032709512176,0.7124747342777623
KIC10610250,3.6142895145395905e-05,0.026316021547172264,0.9736478355576793
EPIC248443632,0.00035394442526070623,0.1814497518217769,0.8181963037529634
EPIC201391243,0.0010422056014199588,0.6724782872095624,0.3264795071890171
KIC4920600,0.007362761901668942,0.12055125589413747,0.8720859822041939
KIC11498043,2.0863009928778987e-05,0.6917746724412761,0.30820446454879463
KIC11196191,8.665759186136098e-07,0.24089230588635663,0.7591068275377251
KIC10792801,0.018466912824679278,0.4271895464524945,0.5543435407228269
KIC4037216,5.1163778757312335e-06,0.41545799813294393,0.5845368854891809
EPIC214844865,0.0031848955355024394,0.2385358224312006,0.7582792820332998
KIC11555266,5.205743367521358e-05,0.026848311037168685,0.9730996315291556
KIC12783669,0.0027695730006878265,0.7337234241228874,0.26350700287642503
KIC7048889,0.00010492552098064779,0.6196864867382411,0.38020858774077915
EPIC211558985,2.2840935259514357e-06,0.03816344900038219,0.9618342669060921
EPIC211520807,2.8521404234878325e-06,0.28651707600106474,0.7134800718585115
KIC12070670,0.005854137840697956,0.3009556732876193,0.6931901888716836
EPIC210678869,0.004614174656918787,0.16350707602217954,0.8318787493209006
KIC10921388,0.00041002723767855125,0.3568160007446672,0.6427739720176535
KIC9352682,0.005446945807989204,0.34949186030629625,0.6450611938857163
EPIC203840857,0.0004427694282885599,0.4170391106853612,0.5825181198863526
KIC9214512,0.005042216270248631,0.1549554025872792,0.8400023811424718
KIC9775302,0.00034235268757893864,0.15414801407359416,0.8455096332388241
KIC5350163,0.0034296268390996277,0.36389153921505607,0.6326788339458439
KIC9579401,5.948932892212941e-06,0.4579809598507358,0.5420130912163702
KIC10910674,0.011900817069121848,0.3403433778712994,0.6477558050595784
KIC7880596,0.00040184258764057505,0.06176055349309856,0.93783760391926
KIC8827659,0.007015108437179648,0.2779890933332009,0.7149957982296211
EPIC211627934,0.00011959715095054483,0.02434434407907739,0.9755360587699737
EPIC220585559,3.4385408021784034e-05,0.15763907116432885,0.8423265434276515
KIC8737032,0.062209795292319625,0.3751224533719772,0.5626677513357002
KIC10709049,0.0008344194891005283,0.25202251823000593,0.7471430622808976
EPIC212138434,0.000530989943368309,0.2282665854139705,0.7712024246426616
EPIC228790420,3.86131743719144e-05,0.6166916162809829,0.38326977054464484
KIC9205705,0.00020203868643917867,0.4071565490933446,0.5926414122202157
KIC4731125,0.010044092032953695,0.4189350366703001,0.571020871296745
KIC4756746,5.095787284202176e-05,0.05109589169661883,0.9488531504305383
EPIC220476284,0.0008428652389760686,0.670265217627332,0.32889191713369054
KIC11243761,1.106647200097831e-06,0.3749304793042537,0.625068414048547
KIC7501667,1.910008462448627e-05,0.013799146304997156,0.9861817536103763
KIC11621486,0.0007712414307717838,0.40297803988766645,0.5962507186815628
KIC11097853,0.0007326369517498099,0.304963119004696,0.6943042440435548
KIC10318734,2.1225424320553985e-05,0.04304632262321521,0.9569324519524638
EPIC229039250,3.526754760234386e-06,0.02771891038765087,0.9722775628575901
EPIC213667472,0.029520242911008802,0.4792469974714133,0.4912327596175777
KIC6115065,9.882209633043173e-06,0.3025720733890755,0.6974180444012928
KIC8609482,3.409162171863927e-05,0.024085952851299677,0.97587995552698
KIC5300767,0.004693575921527242,0.3712171672121387,0.6240892568663348
EPIC210483125,0.007740073186927128,0.41493176346407823,0.5773281633489944
KIC8055108,0.002756499380627781,0.5230860954597137,0.47415740515965565
KIC8091492,0.0032783683539930777,0.2756569863223975,0.7210646453236084
KIC1867706,0.0013486540408436062,0.25919559555301624,0.7394557504061394
KIC5773045,0.00012727653418194567,0.31673655197733375,0.683136171488485
KIC7957918,0.020934889638673657,0.3892565490323547,0.5898085613289694
KIC10297802,0.00035033942936378473,0.24521351037639094,0.7544361501942461
KIC2424822,0.005813527947871693,0.3558488037922435,0.6383376682598846
KIC4914456,0.0002765016996004092,0.2681875546811126,0.7315359436192848
KIC9205663,0.04187395570500012,0.3573994373078307,0.6007266069871697
KIC5636540,0.009036094733298878,0.2869942685473381,0.7039696367193622
EPIC201508675,0.005865186883006046,0.4976698711412116,0.49646494197578267
KIC7187059,0.019893708666371294,0.4397284442369962,0.5403778470966322
KIC3455760,0.009496205595995472,0.505602688478989,0.4849011059250154
KIC3942667,0.00019445290301315228,0.4397178943501826,0.5600876527468048
KIC10011329,0.007352198771236333,0.3221712464292451,0.6704765547995181
KIC9965354,0.003683971389848124,0.38189130035401053,0.6144247282561425
KIC5370902,0.0003953875862393795,0.0897719170885685,0.9098326953251934
KIC9847922,0.0015363616953737043,0.27082735152825566,0.7276362867763717
EPIC211952120,0.00484824946200398,0.18454289596980056,0.8106088545681946
EPIC211623043,0.011620889687026414,0.07410131967022139,0.9142777906427538
EPIC206112361,3.164958020307962e-05,0.2968065099555428,0.7031618404642528
KIC11410478,2.688438277619286e-06,0.22026980874114097,0.7797275028205815
KIC11805876,0.0002865410667583438,0.21209030785625319,0.7876231510769874
KIC10053392,3.060875555865597e-05,0.10696671136383283,0.8930026798806072
KIC8389696,3.97609602030059e-05,0.25003257898504316,0.7499276600547549
KIC11342308,0.042520669304720975,0.2551023047723234,0.7023770259229547
KIC8408920,4.2641675677401253e-07,0.36028192254751634,0.6397176510357259
EPIC211798212,0.0016211310906830585,0.4452930734364451,0.55308579547287
EPIC201799242,0.008874818618257964,0.584127141523085,0.40699803985865435
EPIC220604668,0.01665054764168878,0.16246980251163531,0.8208796498466778
EPIC210512573,0.01063383815203522,0.609026670490802,0.38033949135716233
KIC9292180,0.0016365091267343604,0.327474070903045,0.6708894199702212
KIC6262867,0.0002596117608775483,0.5562465858897432,0.4434938023493789
EPIC206062541,1.879498507830189e-05,0.0887056412149143,0.9112755638000086
KIC8366239,0.0005883037629931008,0.1069332180684048,0.8924784781686012
KIC1718046,2.4258686952247187e-06,0.20096428791018855,0.7990332862211178
KIC3964004,6.387475883894442e-06,0.4023154233723926,0.5976781891517228
KIC8234900,0.0002867176369420147,0.03998070618272084,0.9597325761803368
KIC4831888,0.01778375400101919,0.4865535401130283,0.49566270588595235
EPIC206024119,1.439515274175149e-05,0.2650576387920281,0.7349279660552283
KIC11515377,0.0003856250595576409,0.06510796909792303,0.9345064058425183
KIC9265513,0.009059290782319566,0.6447436187979334,0.34619709041974783
KIC6630816,0.00044250141304142955,0.07245844511272007,0.9270990534742388
KIC11650039,3.132774079237594e-06,0.504453168075986,0.49554369914993507
KIC6201050,0.1829011377080777,0.37705405237622114,0.4400448099157023
KIC6757332,0.05215159188255201,0.32643897278475453,0.6214094353326944
KIC9027871,0.0011804532067334526,0.28483477218394226,0.7139847746093274
EPIC220160411,0.003467775007344403,0.5414080868684492,0.455124138124205
KIC5785268,0.0014282053572921508,0.11696097910219168,0.881610815540515
KIC6352802,0.021408020255971834,0.38598264663527354,0.5926093331087549
KIC8689478,7.422750116608227e-09,0.18313780013634917,0.8168621924409004
KIC9084314,7.02388228477739e-05,0.5778749898864108,0.4220547712907433
KIC11136139,0.002284822422038152,0.49988676281264827,0.49782841476531337
KIC7375225,0.0004393920497183445,0.1080984169817489,0.8914621909685347
EPIC246135285,0.0028376717167343706,0.48178501005231084,0.5153773182309546
EPIC212018792,0.035615094457894514,0.1161136002382466,0.8482713053038587
EPIC210943549,0.0007198717683723115,0.122409304634082,0.8768708235975471
KIC6838420,5.547187766122175e-07,0.289130478934861,0.7108689663463637
KIC9852625,5.38328151893202e-07,0.5933355032168407,0.4066639584550076
KIC11358669,0.0025210516973363135,0.26363954595078903,0.7338394023518764
KIC6849932,1.4967174315274885e-06,0.4722318192378777,0.5277666840446902
EPIC245968556,0.0002380483405501772,0.019236003060616784,0.9805259485988321
KIC9550045,0.0006979351329419293,0.234438878691355,0.7648631861757033
KIC11905997,0.008498636069756696,0.4262085416656945,0.5652928222645496
KIC9405555,1.1546633276626845e-05,0.47065216137691473,0.5293362919898104
EPIC229030405,0.0005344571172037042,0.11655626441665021,0.8829092784661456
KIC3968402,0.0053017784723721345,0.44421274346121953,0.5504854780664092
KIC8612520,0.00835312996143954,0.2879126607581487,0.7037342092804116
KIC6521069,3.7577813920425143e-07,0.26486600746382954,0.7351336167580316
KIC4912918,0.00731257737599562,0.13419679401367063,0.8584906286103325
KIC10597648,3.4424884464686183e-06,0.2925963274933126,0.707400230018241
KIC3940854,0.0002767729281513671,0.29593276752941555,0.7037904595424312
KIC12167366,0.0002913532384291369,0.5138543563012281,0.4858542904603441
KIC4662188,2.6316116130969472e-05,0.2971285294260628,0.7028451544578042
KIC6287184,9.599337047862676e-09,0.1762681449468249,0.8237318454538388
EPIC246906908,0.033409821368773095,0.27545040659758524,0.6911397720336426
EPIC220260779,0.00012540740429510286,0.6186974384469196,0.3811771541487838
KIC9837287,0.01183923634979581,0.4499365755622467,0.5382241880879581
KIC10198207,1.2117651088452093e-05,0.15784729968140265,0.8421405826675107
KIC10669234,0.0020958773032932294,0.2207502939890797,0.7771538287076267
KIC8015956,0.003188985512840561,0.6944137564651135,0.3023972580220459
KIC12506577,1.5231674502468683e-05,0.38470171023435773,0.6152830580911383
KIC5266369,0.00044433629310365466,0.3626305446514639,0.6369251190554334
EPIC211597906,0.0002151762441207467,0.0895009977153175,0.9102838260405617
KIC6678433,0.003970473332327412,0.1977339335930915,0.798295593074584
KIC7374869,0.0005522123083891079,0.0921740860314098,0.9072737016602012
EPIC206095980,0.0006938535519778487,0.06440418427989404,0.9349019621681287
KIC9279486,0.0003023464779859186,0.06524080022311414,0.9344568532988992
KIC9575821,0.0012650075266636249,0.10961712968859279,0.8891178627847454
KIC7257673,0.0007988764161580631,0.19670192752262186,0.8024991960612182
KIC9508346,3.896745654663476e-07,0.41609826700145564,0.5839013433239777
KIC7729364,0.009565254228339716,0.5672146257574809,0.4232201200141787
KIC5034206,0.00011318650098107307,0.04015687172134547,0.9597299417776742
KIC8619048,4.268798742495962e-05,0.3554349155224698,0.6445223964901041
KIC9326421,0.01960527464728916,0.32123794026777036,0.659156785084942
KIC11180779,0.008019335116394083,0.18187045765368623,0.8101102072299189
EPIC213469675,0.006121331312644549,0.5063497303261478,0.4875289383612085
KIC6607275,4.674298287267939e-05,0.23614994446715934,0.7638033125499677
KIC6925082,9.950259145583844e-05,0.354069735034716,0.6458307623738289
EPIC211693712,3.82569471345919e-05,0.11805278442586777,0.8819089586269988
KIC8377500,0.0004863887305128425,0.29541528870802536,0.7040983225614628
KIC7756859,2.0565028261814876e-05,0.5439285435881571,0.45605089138357996
KIC10722175,0.0006090493220786231,0.1189838433721506,0.8804071073057688
EPIC211690698,9.16692889953182e-05,0.32794095490465724,0.6719673758063496
KIC8459156,4.678498737275857e-09,0.17962110612665383,0.8203788891948472
KIC4750456,0.10054261589005713,0.5142935104050598,0.38516387370488453
KIC6860650,0.006821486167892094,0.344164343539979,0.6490141702921277
KIC3760843,0.000647264148892635,0.2828428457516847,0.7165098900994242
KIC10426331,0.00010951674854171269,0.3663420806794729,0.6335484025719847
KIC6776335,0.11375732508420991,0.43252818624423867,0.4537144886715522
KIC2989746,6.986724403608384e-08,0.2397621288285864,0.7602378013041703
KIC7898413,0.015532762334696493,0.3167988342550646,0.667668403410238
KIC8115488,0.000506404537626387,0.057250205957782414,0.9422433895045913
KIC5254812,0.0017092652733592213,0.33616646809377804,0.6621242666328641
EPIC220304159,0.008384398725085099,0.11614359535851808,0.8754720059163965
KIC9265119,1.2387097824654903e-05,0.48715184394058386,0.5128357689615913
KIC11091445,1.5210461209193405e-05,0.035676602411934995,0.9643081871268581
KIC4269096,3.4009182389078556e-06,0.30857617303658064,0.6914204260451812
KIC3239707,0.0006592582644809173,0.3047409843589183,0.6945997573766003
EPIC212479153,0.00447341302040895,0.17847476350367952,0.817051823475911
KIC5295280,1.0844739291454437e-05,0.0239927677563147,0.9759963875043921
KIC5780614,0.00022414513835242647,0.06401185102303432,0.9357640038386148
KIC6023638,0.018077777535343707,0.21985468451716605,0.762067537947489
KIC10160285,5.61270074720592e-06,0.357362844844925,0.6426315424543295
KIC3643725,0.01318151723340394,0.5020005202648773,0.4848179625017189
EPIC220613966,0.0004456543501705684,0.0753445887325276,0.924209756917301
KIC7801424,8.371787738316456e-06,0.03916328541526325,0.9608283427969959
KIC4756934,4.860426533836087e-07,0.27853506479164203,0.7214644491657078
KIC6312478,0.018403183638158023,0.31599992398128246,0.6655968923805599
KIC4067975,0.00025813371535800115,0.2535192053034866,0.7462226609811545
EPIC246134510,0.0033098733328359347,0.2342905477293901,0.7623995789377753
KIC10124436,0.064588657207206,0.38322125560567144,0.5521900871871224
KIC5597965,0.042514217452396794,0.3777786750985574,0.5797071074490472
EPIC210534547,0.00038998424318320574,0.050529183633617136,0.9490808321231993
KIC11181345,5.472330961119532e-10,0.6979351771084826,0.30206482234428483
KIC11468149,0.0020158741395179163,0.6029644539151651,0.39501967194531656
KIC2984382,3.080406473342585e-05,0.08426541818113219,0.9157037777541346
KIC8219268,1.2573701086683885e-05,0.04473700845898682,0.9552504178399248
KIC7540174,0.006254834791647495,0.2173249892254622,0.7764201759828891
KIC2165198,0.0031040623118850866,0.2508554314899483,0.7460405061981659
KIC9544002,0.00013923125581100695,0.7081553847268937,0.29170538401729484
KIC7212057,0.059697449308819844,0.4039467290224219,0.5363558216687574
KIC3964632,1.1106663872267435e-09,0.16258019751217695,0.8374198013771565
EPIC206137085,4.021067867169557e-05,0.5934269176690747,0.40653287165225277
KIC10279879,8.741280306161327e-07,0.23209019904657394,0.7679089268253946
EPIC213840500,7.274497190112537e-05,0.5450938497316345,0.4548334052964652
KIC8543569,0.00349711341844977,0.10258096201091309,0.8939219245706366
KIC7958409,0.019118796172111093,0.6054310831527916,0.3754501206750958
EPIC205933248,0.0010203350563967317,0.41717121552417846,0.5818084494194252
KIC8546146,7.60587648760135e-11,0.12984959017307515,0.8701504097508659
KIC6058700,0.059935043534576786,0.35614113628551725,0.5839238201799059
KIC3437742,0.0008291701662779128,0.46180330440643,0.5373675254272919
KIC5271808,4.17197735400842e-05,0.19663182166637785,0.8033264585600838
KIC5893765,0.04020067698349578,0.4764560597910691,0.48334326322543314
KIC5629783,1.0622624160873609e-06,0.18101920798238358,0.8189797297551987
KIC6425921,0.01839926495915388,0.4198119727995936,0.5617887622412531
EPIC211946953,0.00027516113951489785,0.12692157112445146,0.8728032677360336
KIC9962729,0.0035037212641404673,0.3986381643385161,0.5978581143973466
KIC5795475,1.4923111203159632e-05,0.10882610328500561,0.891158973603793
KIC4471217,0.0019884344661325534,0.09630261919723021,0.9017089463366377
KIC2164262,0.010423669389657327,0.42596042777039966,0.5636159028399422
EPIC210467837,1.8415746693799476e-06,0.08410871456318227,0.915889443862148
KIC11241658,0.00037810541788125743,0.14810363910175117,0.8515182554803693
KIC9766403,0.07131243015038537,0.4218458298775693,0.5068417399720438
KIC2971432,3.768920273303174e-05,0.04029522684675973,0.9596670839505053
EPIC211589442,0.0016379358704717104,0.46009005666383496,0.538272007465695
EPIC206204771,0.0005464747468631721,0.21520563803288925,0.7842478872202497
KIC5855086,0.0038311226431199026,0.3616159642699254,0.6345529130869556
EPIC248858904,4.898487954821351e-05,0.45698596021905724,0.542965054901397
EPIC220172237,0.023553039931954976,0.44811276482491447,0.5283341952431321
KIC5526430,0.0009063715758738824,0.37516218139842955,0.6239314470256992
KIC7941728,0.0007208780026571322,0.5318521844617948,0.46742693753554715
EPIC247386830,0.00012458261332000723,0.7452529645281338,0.2546224528585473
KIC8165094,0.0023287010793028784,0.27505369047721717,0.7226176084434779
EPIC211432594,0.007185603410518654,0.4355461217129863,0.5572682748764947
KIC7368197,4.658182900429298e-06,0.27421519958802787,0.7257801422290704
KIC2425375,0.0004006976037343188,0.2861032436436239,0.7134960587526415
EPIC212323768,7.332138505082465e-07,0.4326127856190835,0.5673864811670677
KIC2424955,0.12813266200488846,0.40418063458046405,0.4676867034146481
KIC10220447,0.003026264496509446,0.40150068493265034,0.5954730505708413
KIC10359308,8.82553036820047e-08,0.18545548965661263,0.8145444220880814
KIC6500038,0.03207318258891884,0.5376700778705078,0.43025673954057386
KIC5731891,0.02889866285518377,0.31283928638934105,0.6582620507554758
KIC9268087,4.955898909749324e-08,0.423072760773569,0.5769271896674446
KIC9762408,0.01930047393214974,0.40958980281157864,0.5711097232562705
EPIC206142277,0.039462907082132674,0.3424109942635679,0.6181260986542979
KIC12458539,0.0007780120549983296,0.14955202291255176,0.8496699650324494
KIC10873280,0.003590803843234468,0.15135483499029942,0.8450543611664668
EPIC248619804,0.0007974571579058289,0.06271605674945112,0.9364864860926444
EPIC220513033,7.686343673270486e-05,0.1651579630744604,0.834765173488806
KIC3660374,0.009422385354494313,0.33743788181576484,0.6531397328297417
KIC4738539,1.2622033067614287e-05,0.12585435071780987,0.8741330272491222
KIC9874261,0.00013510989593716014,0.09452253567298748,0.9053423544310769
KIC11658270,0.0001628023332536468,0.288179864150116,0.7116573335166304
KIC6664516,0.018271720049663914,0.48867649061371793,0.4930517893366172
KIC5857618,0.00379638815217075,0.33618636145181346,0.6600172503960126
KIC4548084,0.04738696845151675,0.4926676862997537,0.45994534524872965
KIC2441436,1.897027447820838e-09,0.3474465129762758,0.6525534851266959
KIC10858675,0.025486783398675543,0.2332952070559756,0.7412180095453478
EPIC211705781,7.162709702094835e-05,0.06714110337145392,0.9327872695315254
KIC5701850,0.03027141566641831,0.42572885450955544,0.543999729824026
KIC4991033,0.045773796755831986,0.4901389578746966,0.4640872453694731
KIC11521197,0.02277418934828241,0.4086158681959067,0.5686099424558122
KIC9887134,3.617094787852447e-05,0.5905076896421286,0.4094561394099922
KIC9475697,0.0007861199701415446,0.08890453519501285,0.9103093448348486
KIC10722954,0.01648554644781542,0.46822567668818366,0.5152887768640027
KIC8410437,0.0015346589893508139,0.2697158647528021,0.7287494762578461
KIC9882316,7.548255667164509e-06,0.10487236677285341,0.8951200849714789
KIC11228549,0.00022358796702404076,0.7339713058588802,0.26580510617409264
KIC10068892,7.050313536316858e-06,0.33191614864177116,0.668076801044692
KIC11668839,0.000879428407864687,0.07090860844448423,0.9282119631476502
KIC7200117,0.0034517117574912066,0.3349705955227775,0.6615776927197321
KIC9335536,1.0562792916983264e-09,0.6209796334655434,0.3790203654781779
KIC5109797,0.0009465526532970481,0.26045100694574885,0.7386024404009517
KIC5446110,0.001673852128830561,0.7000602116244641,0.29826593624670567
KIC6946219,0.0018573557782772005,0.11422339834088488,0.8839192458808349
KIC3837488,0.0001828082026879252,0.19655145467516427,0.8032657371221495
KIC5176520,5.013398449460384e-05,0.06825880948454968,0.9316910565309553
EPIC235132940,0.0019864990016741097,0.3385555225411797,0.6594579784571468
KIC9074137,0.0005318113991386614,0.05302381397813912,0.9464443746227232
KIC12159919,0.00019378818518768465,0.04357976403824068,0.9562264477765706
KIC9458060,8.106806319979645e-10,0.15821400223767962,0.8417859969516392
EPIC220309349,2.221343486991652e-05,0.07741283055698546,0.9225649560081443
KIC6118479,0.02933176904205473,0.39505329519560145,0.5756149357623425
KIC6385953,0.0012422612580499902,0.14074526532471712,0.858012473417234
KIC8280407,0.0008112565053321714,0.22894341806241772,0.7702453254322505
KIC3444029,0.042790273584431944,0.40129428378463516,0.5559154426309337
KIC11190322,0.0017919883185585441,0.366229509233715,0.6319785024477244
KIC8163439,0.0003921983735830145,0.05499676364400402,0.9446110379824136
EPIC206080586,0.011261185612013582,0.30935780081142633,0.6793810135765588
KIC5819258,7.258392826308957e-08,0.16335247980054074,0.8366474476155316
EPIC211949505,0.0029305479309249525,0.40208712182974604,0.5949823302393304
KIC5856054,0.0001068058832606463,0.19395990075532019,0.8059332933614172
KIC5628775,0.00015523702461426694,0.6943425302316479,0.30550223274373645
KIC5722272,0.007931042439825604,0.32805359333481976,0.6640153642253552
KIC6753393,0.0032255128710589826,0.4657467081485916,0.5310277789803479
KIC4445549,3.003425224879444e-06,0.037165104575665006,0.9628318919991105
EPIC210802875,0.04533536611438781,0.30048363755389207,0.6541809963317206
KIC8090764,0.00041909346616657555,0.03325160459691561,0.9663293019369165
KIC7956524,3.249854256236294e-05,0.3164778182511623,0.6834896832062772
KIC2284278,4.199498141155844e-09,0.16713338169813377,0.8328666141023686
KIC8451486,0.0006125996230900541,0.0770365528345306,0.9223508475423786
KIC5022741,0.012958762109807589,0.3823005109138244,0.6047407269763704
EPIC210746789,0.002967259664336117,0.340790660160476,0.656242080175187
KIC5110961,0.027645696618170543,0.31933693525663914,0.6530173681251897
KIC8285712,2.409362343192775e-06,0.17494180234554754,0.8250557882921095
EPIC246241340,0.0003014792454018381,0.42819645467242623,0.571502066082172
KIC3657670,0.006359088401622355,0.4163568714981387,0.5772840401002387
KIC10810905,3.940086851563983e-06,0.40744324500562096,0.5925528149075296
KIC5857981,0.003903495792761155,0.43508818360646123,0.5610083206007785
KIC6888930,0.004538568519881132,0.31458305700302086,0.6808783744770984
KIC8358665,3.2690144091997257e-06,0.43199012678013576,0.5680066042054571
KIC7919558,0.003345702782455837,0.29894741510696804,0.6977068821105747
KIC4637939,0.00462299562699047,0.40308384732883507,0.5922931570441744
KIC12402894,0.004544117468675555,0.284067802682978,0.7113880798483448
KIC3222834,0.00029264156574167687,0.025209506865229863,0.9744978515690297
EPIC211767908,0.0006697158626778621,0.1147787753936415,0.8845515087436784
KIC9962982,0.05476284872905212,0.5661803515083459,0.37905679976260037
KIC8452238,0.0003021348953387025,0.23762818686319714,0.762069678241464
KIC5358969,3.860634149821755e-05,0.020482657647260864,0.9794787360112416
KIC5360757,2.527898584274039e-05,0.324932271239714,0.6750424497744418
EPIC248551607,0.002518687794761163,0.0981136866826855,0.8993676255225552
KIC10485557,3.655478954752193e-05,0.2646156106662097,0.7353478345442427
KIC7880893,0.0008352976747923583,0.07010655828285074,0.9290581440423573
KIC12012758,6.0208721324836045e-06,0.05505493096110535,0.9449390481667636
KIC8709951,8.127498109199558e-05,0.39259505974978265,0.6073236652691255
KIC9279889,0.006410531067089643,0.4144668998526518,0.5791225690802589
KIC6677306,4.136620483941513e-05,0.3179436401589693,0.6820149936361907
EPIC211363503,0.0032470897661544705,0.10215719996187847,0.8945957102719662
EPIC210891952,2.622597676276918e-05,0.2210193812474861,0.77895439277575
KIC12060254,0.001763948936042722,0.26650377052683866,0.7317322805371208
EPIC211433421,0.0008230141349763105,0.3875953031463252,0.611581682718699
KIC4995064,0.0003478257495373073,0.29109735906807604,0.708554815182387
KIC3097623,9.519496011590571e-08,0.17443076314057546,0.8255691416644643
KIC11305377,5.162392994804246e-06,0.19281161083136283,0.8071832267756407
KIC11356839,3.1717242370736633e-06,0.28129407784867616,0.7187027504270881
KIC6838375,3.0231363565280402e-05,0.06698533214890769,0.932984436487528
KIC7446517,0.0013893023543651837,0.12640627428298432,0.8722044233626521
KIC11905111,0.014304565073723985,0.6433927252335252,0.3423027096927501
KIC10798647,0.0018686766506298437,0.1970795223613178,0.8010518009880513
KIC8277848,0.00027233306973669844,0.4824266653264547,0.5173010016038087
KIC3441207,3.986983679498024e-05,0.020147954330983844,0.9798121758322219
EPIC212554814,0.01048922849026231,0.17072642154139855,0.8187843499683395
KIC8957480,0.038182824605399825,0.4868761458566282,0.4749410295379717
KIC10318787,7.526141735864872e-07,0.7102268866929444,0.2897723606928845
KIC9959763,4.675251147762009e-06,0.3190123796056539,0.6809829451431985
EPIC206452199,4.924260172964361e-05,0.005561294362723544,0.9943894630355465
KIC5602011,3.096805403745593e-06,0.2844741115474629,0.7155227916471354
EPIC247485473,0.00722326379347509,0.3601058966496659,0.6326708395568602
KIC7367035,0.00862058407482097,0.48897081863991426,0.5024085972852658
EPIC228758894,0.0006558993297299117,0.036469355161401096,0.962874745508869
KIC4763631,0.00010624473448161007,0.026189120989544148,0.9737046342759723
KIC10462800,0.00048789152892112175,0.16461161511640868,0.8349004933546715
KIC3110733,0.0021241784300760967,0.27682802386951777,0.7210477977004044
KIC10866415,0.004633642277662025,0.11678846482292939,0.8785778928994072
KIC10922840,2.7683165139095987e-05,0.17013274984252474,0.8298395669923364
KIC5344943,8.63479934422817e-05,0.0495192463567476,0.950394405649811
EPIC212106023,0.0006198572157574243,0.11969258979959808,0.8796875529846455
KIC4465224,3.1469053739357284e-05,0.5034263678681233,0.49654216307813737
KIC10383488,6.597804838488913e-07,0.47499223718982336,0.5250071030296922
KIC6844373,0.07701038087941514,0.3569472292140134,0.5660423899065712
KIC3218930,0.0037993180315177965,0.3793697249100048,0.6168309570584788
KIC8827934,0.003587423769063076,0.19119645606681507,0.8052161201641219
KIC1572317,0.00019051949984679402,0.07673684539661119,0.9230726351035452
KIC5702251,2.991146232886941e-05,0.07381319416523496,0.9261568943724372
KIC7547964,0.08118078561369367,0.36751503944965497,0.5513041749366543
KIC9271986,9.448567444401005e-05,0.02197824185239121,0.9779272724731635
KIC11513798,0.0001388654457751562,0.07707590265202477,0.9227852319022022
KIC12735851,0.007989003675821088,0.5249471960729154,0.467063800251264
KIC7889593,0.009194632163726124,0.3855167017855471,0.605288666050728
KIC8827853,0.0001749080518026486,0.05248414383791137,0.9473409481102851
KIC6425301,0.010576570011299056,0.3325512877501767,0.6568721422385249
KIC3123889,0.0010466178095455022,0.41127123686438977,0.5876821453260654
KIC6283618,0.00010655857485456413,0.259603726008687,0.7402897154164577
KIC2850480,0.0002633163309273824,0.3150974755442884,0.6846392081247821
KIC3744043,0.0001828058469684539,0.2600139943810325,0.7398031997719987
KIC6467408,0.00010459855349652666,0.11602238285781881,0.8838730185886862
KIC9457889,2.0803534736713484e-05,0.5556442472084454,0.44433494925681705
KIC10387370,0.00044304010493719713,0.4390499562708521,0.5605070036242101
KIC7502157,0.026666649000870526,0.48860688789335394,0.4847264631057757
KIC11139003,6.006181940367285e-07,0.31075713234932995,0.6892422670324755
KIC5213459,1.4050666141058838e-08,0.14385996130817216,0.8561400246411617
KIC2300227,0.008006587032181321,0.5924932638664634,0.39950014910135584
KIC10155387,0.002039911993436545,0.7074106141752469,0.29054947383131713
KIC7970207,0.00812215536133824,0.5988383440084144,0.39303950063024634
EPIC210665092,0.008546794542682935,0.27964110099492534,0.7118121044623908
EPIC211920811,0.0011457299576705911,0.09959490554916346,0.8992593644931661
KIC8387412,1.5259497241245143e-09,0.1492937061907221,0.8507062922833298
KIC8410006,9.216447140963295e-05,0.6517709349663815,0.3481369005622082
KIC11294218,1.5940894679552204e-05,0.33080376762392616,0.6691802914813937
KIC9517131,0.006683851241031816,0.5697553608808458,0.4235607878781224
EPIC210724744,0.0011143838409760278,0.03904507098725485,0.959840545171771
KIC7177292,0.0016905937122120764,0.554522995691169,0.44378641059661783
KIC4755560,0.02065446243132507,0.39410988810308334,0.5852356494655923
KIC7596219,2.15198756231733e-06,0.59526864741191,0.40472920060052814
EPIC210973294,0.024822958811212686,0.4147008834073366,0.5604761577814502
KIC5220010,0.022416709553764798,0.40572041550260635,0.5718628749436289
KIC11758710,0.0052625817443968685,0.34541058952382864,0.6493268287317743
KIC4771707,1.648186268242181e-06,0.14872921017888738,0.8512691416348421
KIC8418309,0.0024446436234359568,0.12088587156841919,0.8766694848081491
EPIC201741868,0.03683733421500323,0.47555049432973473,0.487612171455262
KIC2837276,0.0017339201684077668,0.2512789637626394,0.7469871160689554
KIC10136291,0.0008809004738467525,0.5336855294934624,0.4654335700326912
KIC11494169,0.016214283656618617,0.42580365186667996,0.5579820644766997
KIC9075225,0.056031943396949224,0.3772523123764284,0.5667157442266203
EPIC205955888,0.00045818339647736556,0.046666946879628676,0.9528748697238946
KIC10963918,0.00011347203143911173,0.014095646801786234,0.985790881166774
KIC5168713,0.002991635302082165,0.5504637342928513,0.44654463040506664
KIC11126517,6.572576936644806e-05,0.22557892140597993,0.7743553528246556
KIC11020211,0.00019061796290640982,0.2055483210278714,0.79426106100922
KIC2984295,1.230874291843008e-06,0.35823576530908857,0.6417630038166188
EPIC211764033,0.01639749513519778,0.4475153270183714,0.5360871778464319
KIC7053383,0.028540964181222924,0.30135809034481575,0.6701009454739628
EPIC211325976,0.0008077004147057522,0.37259038441273873,0.6266019151725551
KIC11073377,4.1328944148693394e-07,0.2866740626735913,0.7133255240369656
KIC9344424,6.573045064185515e-07,0.2602957050234363,0.7397036376720575
EPIC220395307,0.11509087210954715,0.2246573170700701,0.6602518108203825
KIC6774956,2.7553163225443763e-05,0.23503671302345705,0.7649357338133183
EPIC211120877,9.87627402024762e-06,0.3222190249044588,0.6777710988215199
KIC12119739,1.1149570649328594e-06,0.03757369326982096,0.9624251917731164
KIC11284496,0.0010846914328466008,0.10105268602096439,0.897862622546189
KIC7518352,0.00017905546079766805,0.5158451648583295,0.483975779680874
KIC10219361,0.00013164418837297056,0.24036545464013728,0.7595029011714912
EPIC206109324,0.00014000218510114732,0.02904731224705345,0.9708126855678443
KIC4176078,0.022077853540744957,0.45408889906296457,0.5238332473962898
KIC9453048,0.0002558096365087237,0.42107725270805557,0.5786669376554366
KIC9350124,1.0461660480764001e-08,0.19081786774529194,0.8091821217930479
KIC11303425,0.06582446410711067,0.4903799257983529,0.44379561009453633
KIC1873204,0.00021423870830937478,0.5597132089255172,0.44007255236617304
KIC10810211,0.021163069458628284,0.3257895416662014,0.6530473888751706
KIC5623391,0.0006631432427933339,0.275867923174475,0.7234689335827318
KIC6363109,0.007811469329917756,0.3988018393618999,0.5933866913081819
KIC6522182,1.8229184831406865e-07,0.3762854174439724,0.6237144002641808
KIC5354104,0.028064471581465078,0.36568317453820537,0.6062523538803308
KIC11456172,4.1541203632750725e-05,0.3551580328872203,0.6448004259091451
KIC11546913,0.0003656133323775281,0.11691963703228762,0.8827147496353364
KIC7518143,6.541309162245054e-05,0.042545937313070145,0.9573886495953067
EPIC248628691,1.3879263604386314e-05,0.03901409907298191,0.960972021663414
KIC10482239,3.914882731269259e-07,0.30873917717311977,0.691260431338608
KIC8387890,4.7206141155183315e-05,0.19811246799570853,0.8018403258631386
KIC11654142,0.020728188871722,0.3408628948470767,0.6384089162812023
KIC7800895,4.559639063296822e-05,0.5063766933505708,0.49357771025879793
KIC11046830,0.0002628013180934313,0.7371436734620598,0.262593525219847
KIC11013005,0.09405817267410047,0.3807380934570238,0.5252037338688744
EPIC211329249,0.00014174497414640015,0.32528477437470044,0.6745734806511529
KIC5602062,0.0059369993356942355,0.11302351026251159,0.8810394904017937
KIC5685682,7.936470518925459e-07,0.4448314422148961,0.5551677641380507
KIC11304421,9.969668750274846e-05,0.3086392361727938,0.6912610671397033
KIC7434109,0.00029150789889759507,0.06581462982147034,0.9338938622796336
EPIC210818737,7.457606900375377e-05,0.4933649395607023,0.5065604843702928
KIC3337536,0.00024148428871487236,0.2404320885251417,0.7593264271861453
KIC2849476,1.3202524924171735e-05,0.342645718911501,0.6573410785635747
EPIC212609109,0.001947823765152038,0.16050840905092642,0.8375437671839192
KIC6779144,1.2463402817229055e-05,0.3157097293408079,0.6842778072563767
KIC7975647,0.004578123254761974,0.36127037224676967,0.6341515044984692
KIC8192188,7.224548596790459e-09,0.19805398954565268,0.801946003229798
EPIC206375929,0.0007036310284737026,0.013856722104613901,0.9854396468669122
EPIC213421252,0.0425895759036732,0.4309987790151914,0.5264116450811367
KIC10548114,1.9440949075383847e-09,0.1440564734875215,0.8559435245683843
KIC12366894,0.0005432851572011608,0.7057418755755487,0.29371483926724856
KIC3429738,0.03527855442413205,0.45207236295053377,0.5126490826253337
KIC7265993,0.00010773564540793105,0.04441572848209901,0.9554765358724944
KIC6853779,1.0923707612189044e-05,0.15801189553570136,0.841977180756688
KIC12154686,0.0005160589924208371,0.5538235879608683,0.44566035304671037
KIC5525484,0.0005923931627473956,0.10983960153939124,0.8895680052978614
KIC5345214,0.0004776823740176122,0.38825273412075667,0.6112695835052258
KIC9880435,0.00657367540414108,0.5664970152231668,0.4269293093726915
KIC10972858,0.0004439714262825646,0.5023386807431155,0.49721734783060206
EPIC206082101,0.003627856620288893,0.48543897261690927,0.5109331707627999
KIC9346607,0.008264834203290208,0.3851787273888971,0.6065564384078121
KIC10579765,0.001228384240047116,0.12709131162991807,0.8716803041300356
KIC4446215,9.210825927943476e-05,0.05057124672834894,0.9493366450123719
KIC6751838,0.0016617620464787917,0.3674486058954846,0.6308896320580347
KIC9466998,3.5760138366500146e-05,0.4231548922971823,0.5768093475644519
KIC9304549,0.004561657653478955,0.3570133866701088,0.6384249556764138
KIC4069447,2.0695724261098832e-06,0.1973518721617451,0.8026460582658277
EPIC211384259,6.862671721936043e-05,0.030279165047403647,0.9696522082353745
KIC8545067,0.002577890375993996,0.48287610109341017,0.5145460085305966
KIC12024640,0.0053495749052200735,0.1565497640995,0.8381006609952818
KIC11457554,0.0005426147386522947,0.1394311258393516,0.8600262594219924
KIC8607372,6.349006702860048e-06,0.04279487552911329,0.9571987754641833
EPIC203717281,0.0035759469779022353,0.23132535633492843,0.7650986966871677
KIC8045404,7.810520057447254e-05,0.336555576813077,0.6633663179863499
EPIC215144742,0.09337174276162771,0.3865052102185961,0.5201230470197754
KIC8325668,8.422433270149732e-07,0.18006358707806994,0.8199355706786028
KIC8653471,0.0010834276846557575,0.19758299649995914,0.8013335758153868
KIC3346501,1.0310641321186474e-06,0.33442529820663774,0.6655736707292308
KIC10816748,0.001045585550998149,0.46361537263203145,0.5353390418169695
KIC4757638,0.013287991964834657,0.3981794507859592,0.5885325572492062
KIC11092247,2.5967001908800902e-06,0.3517818831886524,0.6482155201111577
EPIC211747441,0.0001070858172537324,0.018346769094380332,0.9815461450883656
KIC3962731,0.0012285191409147685,0.6662408428054555,0.3325306380536311
KIC7417685,0.00022848062304224665,0.32872923943826904,0.6710422799386893
KIC7946762,0.007036662011968315,0.3549491742651511,0.638014163722879
KIC11507936,0.0017446788286639816,0.4405030550829255,0.5577522660884112
EPIC201371295,8.149388173332937e-06,0.023192164688389787,0.976799685923434
EPIC212419885,1.4496228213981825e-06,0.11199265653873118,0.8880058938384485
KIC8879938,0.0023259120849224626,0.21309980643917317,0.7845742814759027
KIC5112072,0.0006315005214541917,0.14166811518407949,0.857700384294466
KIC12304634,0.010663595647877536,0.24968868875726763,0.739647715594858
KIC9970467,0.0043904343310608085,0.34579947995722105,0.649810085711717
KIC11401925,0.00018460661701198933,0.3659618927818474,0.6338535006011399
KIC10753840,0.005461680551356324,0.6340908994620466,0.3604474199865962
KIC3644223,0.0002566489560157013,0.07000253751318362,0.929740813530801
KIC10809293,1.8741150660228785e-05,0.34670148205329265,0.6532797767960452
KIC8746834,0.028100563619516645,0.4250305670712162,0.5468688693092673
KIC4040027,0.05702871442236254,0.374933023456204,0.5680382621214333
EPIC251594082,3.7436467213950246e-05,0.44002339162173276,0.5599391719110518
EPIC220467951,2.075593619704435e-05,0.19814521148019762,0.8018340325836042
KIC11190108,2.6119921984289186e-05,0.5533306133838994,0.44664326669411575
KIC10356057,0.04570793779928494,0.5307615060671427,0.4235305561335717
KIC7747495,0.0001732837235446629,0.20139547157540016,0.7984312447010542
KIC2299465,0.013813406145177006,0.1980777452085393,0.7881088486462845
KIC8410890,0.004471683823941569,0.4671817325807572,0.5283465835953008
KIC4947897,4.3575544511736834e-08,0.24820671987328216,0.751793236551173
KIC4916620,2.641585044704197e-07,0.3074293880738256,0.6925703477676693
EPIC229095965,0.00030100961260314473,0.3555425118457544,0.6441564785416433
EPIC201920833,0.00380066895545228,0.1310762042173939,0.8651231268271533
KIC6791334,3.4747629482117084e-08,0.1399799433065641,0.8600200219458091
KIC9541437,4.790132614244936e-10,0.35565458513634707,0.6443454143846404
KIC5285490,0.02083459513896472,0.47573676507263557,0.5034286397883986
KIC9873628,0.0003594570558498444,0.04907972367689857,0.9505608192672517
KIC4280424,0.00016490743342477936,0.10826332999616982,0.891571762570407
EPIC210731260,0.0011920879302788074,0.17245572180160695,0.8263521902681146
KIC10200886,0.0009859728046449398,0.38903581300729667,0.6099782141880588
KIC7427790,0.0037241884860660583,0.28831596558367434,0.7079598459302587
KIC8812397,0.03185439123167443,0.3132200808580074,0.6549255279103184
KIC5812955,0.00014953266492491587,0.47429984138688847,0.525550625948188
EPIC211977378,0.004689807992782494,0.18388160023641537,0.8114285917707993
KIC8219000,0.004750970907151532,0.4292193914849695,0.5660296376078776
KIC7698511,0.00890881216263594,0.4450010928294688,0.5460900950078948
EPIC204339150,0.009481944744588515,0.13062560878359047,0.8598924464718198
KIC5773063,0.052410388330623975,0.462515941766409,0.4850736699029688
EPIC246396803,0.0006442414715081119,0.37043515952129064,0.6289205990072032
KIC3439353,0.02187463745446773,0.3922994574328942,0.58582590511264
KIC4065977,0.00017027146398744178,0.21977392787692512,0.780055800659087
KIC11861823,1.1711249547852823e-06,0.2660593803541796,0.7339394485208639
KIC8293686,1.7661665667930337e-08,0.16346511308605227,0.8365348692522833
KIC9389690,0.0008089197682895848,0.42124039122105483,0.5779506890106548
EPIC248879557,8.076448084437333e-05,0.02292305852348278,0.9769961769956725
KIC9764708,0.004050414639747234,0.2570400749139447,0.7389095104463103
KIC8544483,0.17366046957941614,0.3515595843136069,0.47477994610697644
KIC12506147,0.016485725551022477,0.5489882181452393,0.43452605630373964
KIC11824814,0.0019995934143677923,0.32488355714489886,0.6731168494407355
KIC7617072,2.9140490571390916e-05,0.16344930185415366,0.8365215576552745
KIC2425044,0.004782591237838225,0.2862958932144084,0.7089215155477545
KIC5267939,0.001619924968530179,0.3270341524526771,0.6713459225787916
KIC3762380,0.0030301578667465755,0.321822711785921,0.6751471303473312
KIC7833657,0.004114397087791926,0.3707555471405009,0.6251300557717059
KIC8417027,0.00014488709586872378,0.6063364932739201,0.39351861963021173
KIC10483504,0.0038320682600224793,0.3945874411682979,0.6015804905716797
EPIC206238956,2.119911801860651e-05,0.01876573528479399,0.9812130655971895
KIC4933782,0.00019060606669435795,0.1060194480765089,0.8937899458567926
KIC5956977,0.0017189878156056379,0.6144207987565021,0.38386021342789295
KIC2165710,0.00019996597084836497,0.4998197848772226,0.4999802491519289
KIC9833457,0.0046036035358543986,0.391152953194745,0.6042434432694025
KIC9904365,7.925520529463613e-05,0.028058021814938737,0.9718627229797685
KIC3553458,0.003705909003660119,0.4628296140160727,0.5334644769802679
KIC3658812,1.4898792943111095e-06,0.5575643872879634,0.44243412283274275
KIC5193912,0.0050161639448446805,0.36427058477231417,0.6307132512828416
KIC6836459,0.005953310883154608,0.6632433947596668,0.3308032943571798
EPIC247462506,0.0005799171001567717,0.4520936650963492,0.5473264178034941
KIC7465477,0.001987166984309212,0.285373257707234,0.7126395753084567
KIC11298877,5.106986409664526e-07,0.4925902865334499,0.5074092027679088
KIC9086187,0.00012509240819114821,0.14881618978073363,0.8510587178110762
KIC10263397,2.179776166473944e-06,0.3068846790489363,0.6931131411748968
KIC8738537,0.10068230512122221,0.3442408721172624,0.5550768227615163
EPIC248075236,0.0009639315812818365,0.4048766076054472,0.5941594608132699
EPIC248716630,9.977258853788483e-05,0.22162167766727806,0.7782785497441828
KIC8173581,0.00094367576115602,0.12624785881191253,0.8728084654269321
KIC3324004,0.0005731871037893654,0.06590094312742956,0.9335258697687819
KIC10863535,3.0115464842001958e-06,0.1928356334289111,0.8071613550246056
KIC11968334,9.908541275599231e-05,0.04949544138631924,0.9504054732009231
KIC7021743,9.665628600447087e-07,0.2838761383240392,0.7161228951131
KIC5437796,0.0008957886519878945,0.46204977859652147,0.537054432751488
KIC10360984,0.022845924470501485,0.32277222494014285,0.654381850589355
KIC11085766,0.009610311684738049,0.2630337741008695,0.7273559142143928
EPIC212099724,0.007960450036427537,0.44504323675065083,0.5469963132129213
EPIC211388483,3.824898589641115e-05,0.03299719815648698,0.966964552857618
KIC9180003,0.008110044116859052,0.3943991401517759,0.5974908157313655
KIC9711349,1.1353052444868741e-05,0.3529810528793068,0.6470075940682466
EPIC206094098,0.0067472031836652915,0.10708900323551632,0.8861637935808188
KIC7799904,0.00017563299884726735,0.5149259940064954,0.48489837299465866
KIC6700388,0.00041558345925791064,0.392404718394719,0.6071796981460226
KIC8779107,1.3658931666408973e-09,0.14825953441286005,0.8517404642212504
KIC11090926,0.00710109272423498,0.5802722783750817,0.41262662890067947
EPIC210388247,0.0001265650432759815,0.05596342698776083,0.943910007968961
KIC5436415,0.00023558254451899833,0.10381838180169467,0.8959460356537863
KIC4043008,0.04365502775859181,0.40236883342245755,0.5539761388189505
KIC11289635,0.0034769195592904254,0.42959170225271104,0.5669313781879991
KIC11805217,0.011629184465292684,0.41513801415982426,0.5732328013748824
KIC1719422,0.0002622522562537575,0.28349550036162274,0.7162422473821222
EPIC206048937,0.0009827221194396375,0.04371940178053942,0.9552978761000225
KIC10328727,1.9643664217559045e-05,0.12949282864875072,0.8704875276870326
KIC6502960,1.1661764273473996e-06,0.49439858911928203,0.5056002447042905
KIC1296507,0.001021700930242026,0.16407853112074647,0.8348997679490113
KIC7549472,2.421991700515369e-08,0.17255210903578896,0.8274478667442953
KIC7630302,0.001125161051368711,0.08885450321492544,0.9100203357337039
KIC9717671,6.511562038337347e-08,0.14802484482266098,0.8519750900617191
KIC2297793,4.5618876179968e-08,0.2593386355895944,0.7406613187915277
KIC9967700,0.00010433202022868596,0.19166472944895463,0.8082309385308153
EPIC226604234,0.00017161859614393482,0.05015173381398777,0.9496766475898688
KIC9954248,0.010399106839238448,0.5419513704861579,0.447649522674602
KIC11723893,0.0008894576534732473,0.11894095111323243,0.880169591233294
EPIC212546716,0.000440403962648218,0.07618938402483559,0.9233702120125181
KIC5003442,0.005220064305686712,0.43089624819434913,0.5638836874999623
KIC11415780,0.00035235457351018664,0.304430102962152,0.6952175424643403
EPIC220417297,0.00011230499535907895,0.04269064717890224,0.9571970478257382
EPIC220634782,0.0032859276333466214,0.48674572718345194,0.5099683451832003
KIC9166023,2.9413591154425286e-08,0.2357041151610271,0.7642958554253804
KIC9408183,0.00011865082472671885,0.036692003226022875,0.9631893459492494
KIC6525916,0.006884637851237571,0.5432029057390819,0.4499124564096807
KIC3939679,0.00015714343241218686,0.036828750331871815,0.963014106235715
KIC2305992,0.002504522493112445,0.14916795079511577,0.848327526711773
KIC10155116,2.548583895302938e-09,0.2057486973486363,0.7942513001027766
KIC8191905,8.671472030496222e-06,0.016883791921447403,0.9831075366065216
EPIC210352451,0.0004493965270401577,0.03255341468283521,0.9669971887901256
KIC12170173,0.0015363166484252044,0.1078169859593536,0.8906466973922217
KIC4059499,0.16069773734402487,0.37246491600145915,0.46683734665451343
KIC9161451,0.0010964303078929375,0.07656375368434344,0.9223398160077643
EPIC206484607,0.05603060833885422,0.17021228581718184,0.7737571058439637
KIC5600698,0.02165004912878199,0.4453340932835629,0.5330158575876541
KIC11567563,0.005101317380220608,0.2996535623593452,0.6952451202604322
KIC6786177,0.0029086452040980788,0.21585678431726882,0.7812345704786327
KIC4580189,0.02019548884738455,0.37166812623513684,0.6081363849174808
KIC9264889,0.03321492531021264,0.4880928152527834,0.4786922594370019
EPIC220687685,0.00023774864581289676,0.08666663783953164,0.9130956135146563
EPIC212315444,1.7423687433487985e-06,0.16553634806401213,0.8344619095672428
KIC5541499,2.4899659286469432e-05,0.3359933798077489,0.6639817205329666
EPIC246425494,0.022612789220186485,0.41596076000691595,0.5614264507728972
KIC7285786,1.0224987094063816e-05,0.38902440789158177,0.6109653671213222
KIC7674224,0.00019700787908510795,0.061425423558155105,0.9383775685627597
EPIC201623257,0.00017972253770916373,0.057840994267408276,0.9419792831948826
KIC9292387,0.0030634039624113656,0.5410168434851492,0.45591975255243855
EPIC205064326,0.0008316720936557466,0.04090986855489697,0.9582584593514474
KIC9536727,0.006961303829909325,0.46610222182197436,0.5269364743481159
EPIC220501668,3.6784624275281837e-06,0.1312039387891154,0.8687923827484569
KIC5342486,2.8694554125642436e-05,0.08285329055152321,0.9171180148943482
KIC10922092,0.004665971419864144,0.46292712232784483,0.5324069062522906
KIC4376913,0.0004995634282430156,0.08172064389622373,0.9177797926755326
KIC5905655,1.1005560121454663e-05,0.33088845916636117,0.6691005352735167
KIC11182706,0.0024554989313058367,0.5027629394917287,0.49478156157696596
KIC6359454,2.817078474872573e-05,0.10916038851968903,0.8908114406955648
EPIC220547652,0.001304235706456733,0.565936609054504,0.4327591552390391
KIC9307073,0.0380166826646737,0.4502553390640957,0.5117279782712308
KIC12253294,0.00585230888375925,0.3871094430288792,0.6070382480873595
EPIC212121218,1.3257618724589848e-05,0.21489288158608175,0.7850938607951929
KIC6757558,0.0007135019238544097,0.09696574734206206,0.9023207507340841
KIC6842204,1.57617871565624e-05,0.013394197718322943,0.9865900404945213
KIC8914107,0.0008406641448976486,0.09837713907710065,0.9007821967780026
EPIC228791859,0.00022514735666099656,0.058122594029436064,0.9416522586139008
KIC7531332,0.0063324469671784765,0.38546673273368065,0.608200820299141
EPIC246416522,2.8504531926418396e-05,0.020296281007011432,0.9796752144610673
EPIC247624511,0.011491535529416539,0.3341380271529804,0.6543704373176006
EPIC212613949,2.6832847381455687e-06,0.44914929731340847,0.5508480194018557
KIC3970003,5.285817766415859e-05,0.30080007056625824,0.6991470712560787
KIC9512787,2.644420429338766e-07,0.36249032419606764,0.6375094113618902
KIC4758222,0.0010881992499510592,0.3091536427157324,0.6897581580343166
KIC12120144,3.5539248574537154e-05,0.2579118352506368,0.7420526255007887
KIC10991673,0.018010794355908563,0.3571186821333937,0.6248705235106977
KIC10616057,0.001394172866480414,0.07488381760635417,0.9237220095271662
EPIC220472462,0.00032677337674435065,0.138422075512301,0.8612511511109565
EPIC212357017,0.0010482074766616344,0.12061075361304334,0.8783410389102946
KIC3936047,6.453394705511466e-05,0.10563446035141641,0.8943010057015269
KIC5023732,0.00019160383812515688,0.2699277398093614,0.7298806563525146
KIC2847114,3.5893029259429483e-07,0.14042138628629341,0.8595782547834142
KIC9395535,7.983019198464553e-05,0.42387602666795515,0.5760441431400609
KIC5392313,0.0037431065577151145,0.31799199751328894,0.6782648959289965
KIC7947648,0.0005556084721346811,0.37429802013873154,0.6251463713891358
EPIC212323451,0.00012877218136872858,0.4416465823139764,0.558224645504655
KIC6949816,0.0008528008794489681,0.3146073770701499,0.6845398220503994
KIC3429364,0.0001791578468465968,0.020482687413988957,0.9793381547391661
EPIC206226228,2.8960506511119343e-05,0.812558444764747,0.18741259472874225
EPIC205992336,0.0004811313241941441,0.2640355525171576,0.7354833161586488
KIC7957671,0.011666627964408722,0.46638707309419575,0.5219462989413928
EPIC212434736,0.0009540040968638682,0.11053636383067447,0.8885096320724638
KIC10679466,0.0017236905403901575,0.4269861519552198,0.5712901575043893
KIC4054908,2.925513634192396e-07,0.265018757863803,0.7349809495848344
KIC9165879,0.0001188252049426153,0.31787451280449136,0.6820066619905655
EPIC212406696,0.0017167212741156616,0.12959382687861498,0.8686894518472708
KIC1162220,5.442071436009361e-07,0.33349467221346524,0.6665047835793915
KIC12254159,0.0011566082570318526,0.47690724635413506,0.5219361453888327
KIC5882210,0.0008490357143809923,0.13612441268030667,0.8630265516053102
KIC10454887,0.0008232875551598676,0.29403698488324653,0.7051397275615943
KIC10873826,0.0020024378709444777,0.1678534983243887,0.8301440638046668
KIC11771561,0.0003025718085127619,0.045037618240416494,0.9546598099510721
KIC3449907,0.025542248233208355,0.311905788578308,0.6625519631884822
KIC9541946,0.003396574048114457,0.13997886338691454,0.8566245625649714
KIC10858520,5.851649347727455e-05,0.3257283865157181,0.6742130969908045
EPIC212107680,0.0007909314003780218,0.03577663534929946,0.9634324332503231
EPIC205083817,0.036636898374724676,0.20236564649188143,0.7609974551333946
EPIC203743138,0.03146110280438768,0.3803303250279009,0.588208572167712
EPIC246131026,0.0006106342901014851,0.3481509555009977,0.6512384102089028
KIC5534806,7.2804990195150875e-06,0.601992774026596,0.3979999454743845
KIC9027245,0.006681449117031248,0.6445067141722997,0.34881183671066956
EPIC211750060,0.00331674585051408,0.16832041061245287,0.8283628435370327
EPIC212687403,0.02019263928106465,0.17886267118943153,0.8009446895295025
KIC4056079,0.008462494805274693,0.34736217203509356,0.6441753331596307
EPIC210368963,0.001077943993219898,0.45038701260455,0.5485350434022295
KIC11975063,0.002462290781810619,0.3048652541307549,0.6926724550874378
EPIC246807518,0.018136725121262014,0.4288077338027724,0.5530555410759663
KIC8391545,0.000894358427192952,0.08358583788106451,0.9155198036917435
EPIC210835829,0.00023630028067575726,0.4852667309796788,0.5144969687396448
EPIC211895016,0.02427671072355076,0.3462957819901739,0.6294275072862761
KIC11821966,1.2501130012654222e-06,0.3322399337398081,0.6677588161471902
KIC8234203,3.0020635640238335e-07,0.25987928095472845,0.740120418838916
EPIC201600585,1.1844525890455036e-05,0.10274257365319643,0.8972455818209137
EPIC201856354,0.005442330093358621,0.10089805993870327,0.8936596099679378
EPIC211781194,0.01900425008104022,0.4307563494552651,0.550239400463693
KIC7184978,9.548453555648635e-05,0.4640823849955173,0.5358221304689263
EPIC214653301,0.0002091924671148729,0.32968923375011555,0.6701015737827709
KIC1719297,9.660137890884818e-07,0.23898260425961873,0.7610164297265934
KIC3858287,0.0008825057005115468,0.41935705786010063,0.5797604364393866
EPIC220551063,0.017237405007021967,0.10845155877324748,0.8743110362197318
KIC4678610,6.78619185938516e-05,0.05742676283961052,0.9425053752417982
KIC11032402,3.482571580228555e-07,0.23477702833966482,0.7652226234031774
KIC9706194,0.001199363690907258,0.35510775964140706,0.6436928766676859
KIC7587763,0.0003318235025765033,0.4977425249818727,0.5019256515155505
KIC7668536,0.0005087144076652897,0.21141943758939258,0.788071848002942
KIC6768448,0.002928527703513878,0.2785651777596258,0.7185062945368605
KIC3103685,2.95420412988854e-07,0.22400322526484864,0.7759964793147412
EPIC206010094,0.005266320409941676,0.05837312185210189,0.9363605577379567
KIC3248982,0.0006047022326906476,0.3672986801988623,0.6320966175684471
EPIC245925285,0.00031451449692404613,0.07471124629268364,0.9249742392103912
KIC8174161,0.0021397372626076436,0.26824517083597266,0.7296150919014176
KIC6718509,8.112358898855904e-08,0.2136788878472033,0.7863210310292094
KIC7617399,0.012216768451481293,0.4218530948098903,0.565930136738626
KIC8959259,0.006210873750005961,0.3155519751335537,0.6782371511164419
EPIC213532050,9.590214052435584e-05,0.19760454357966556,0.8022995542798098
KIC5709265,0.03835416411758246,0.3862640562560166,0.5753817796263998
KIC10658326,0.0003605913723595188,0.5237592139906408,0.4758801946369998
EPIC251605773,0.014540282107751105,0.36697509300207676,0.6184846248901736
KIC6762849,4.887866758645125e-07,0.24607763874260868,0.7539218724707143
KIC5252229,7.660504607172398e-07,0.2862357859617472,0.7137634479877928
KIC5867990,0.006140702022297238,0.25280727447394025,0.7410520235037605
EPIC204598218,0.007767134660285109,0.5583583341946675,0.4338745311450448
KIC6292598,0.0037705411507798848,0.535392894385639,0.4608365644635822
KIC5544606,0.023089467285641836,0.37440526507059785,0.6025052676437573
KIC6765408,8.016413095655185e-05,0.2914316076006196,0.7084882282684242
KIC11244968,0.0013040208493810606,0.2561194163485493,0.7425765628020692
KIC7948629,0.00011052050966313546,0.047186709040666755,0.9527027704496718
KIC12737278,2.2846824786128546e-05,0.0244826526966876,0.9754945004785291
EPIC220269908,1.7029055678154778e-06,0.6276752953080468,0.3723230017863869
EPIC211321852,7.602223125897528e-05,0.038172883698695884,0.9617510940700453
EPIC206476223,0.00022444997832822406,0.02727358794277263,0.9725019620789012
KIC6125893,2.5223311471778992e-08,0.12313521797653043,0.8768647568001589
KIC6044784,0.0006694841608596815,0.31927033627569046,0.6800601795634483
KIC9426610,0.0002258783353111353,0.06717180402133528,0.9326023176433553
EPIC210710965,0.00011676288538707236,0.23442028111678198,0.7654629559978289
KIC11569693,0.016444515879294866,0.3648527288456067,0.6187027552750983
KIC8219125,0.0008930719391016912,0.18993569203503236,0.8091712360258682
KIC10881317,0.02339513043614048,0.41409110300911584,0.5625137665547462
KIC5193386_A,2.740315839182009e-05,0.10811290170584767,0.8918596951357611
EPIC205974551,0.013197433769102445,0.2534159143912115,0.7333866518396844
KIC8112523,0.000255530110854262,0.1785827605169001,0.821161709372242
KIC11358698,7.919078907462097e-05,0.49137086700332877,0.5085499422075972
KIC6939060,0.00012556829958546982,0.3525523853089334,0.6473220463914798
KIC11304158,0.00020012651540949009,0.31668129590794364,0.6831185775766466
KIC8824452,0.008389534357909264,0.6647888798178455,0.3268215858242466
KIC6447883,2.162483628520122e-06,0.33273947060632264,0.6672583669100497
KIC8388250,6.871901587881314e-06,0.25259994965340427,0.7473931784450096
EPIC205953049,0.00015918390331580513,0.043532354533679554,0.9563084615630082
KIC5780828,0.0001895249726110442,0.26591353696180225,0.7338969380655862
KIC8649496,1.1832341554902186e-07,0.18533012344248886,0.8146697582340967
EPIC211597156,0.00038105538553282836,0.042366371956125026,0.9572525726583413
EPIC248645389,0.0029764513836418455,0.059946052022307406,0.9370774965940495
KIC4284281,0.0025049327176740817,0.2894211892091384,0.7080738780731866
KIC11252757,0.0046599732176861395,0.2195628425342188,0.7757771842480948
KIC4934550,0.00011085307247172678,0.039433023304935234,0.960456123622596
KIC5695038,3.2692915726972215e-05,0.026961502823623897,0.9730058042606511
KIC3852505,0.011554663628451253,0.5338984794569257,0.454546856914623
KIC10853817,0.06095874673874362,0.43506670503513295,0.5039745482261239
KIC9651313,0.000492767758202163,0.2795799562525645,0.7199272759892303
EPIC212120805,4.479884840980114e-05,0.06609386902810734,0.9338613321234814
KIC7119903,0.001986600898822749,0.4118640553464639,0.5861493437547128
KIC11441797,0.04453198832692798,0.47762233144948113,0.47784568022359303
KIC4142086,0.0001328350375279027,0.2862135781664513,0.7136535867960214
EPIC212342578,0.0021423395198159807,0.12876643122979187,0.8690912292503926
EPIC211351885,0.06559590411579228,0.17327438879516158,0.7611297070890459
KIC2437816,2.7074419296655938e-08,0.2326048046678305,0.7673951682577508
KIC10131438,0.00020004873065859703,0.406204769610107,0.5935951816592336
KIC9838432,3.032193107243987e-06,0.29671567325810067,0.7032812945487906
KIC7102068,0.07715465101855491,0.3884361794489186,0.5344091695325267
KIC7743124,1.2405622282888617e-08,0.10395927794626182,0.8960407096481166
KIC9363969,1.2844016781285493e-07,0.23140490079867965,0.7685949707611535
KIC9430039,0.10200946721730966,0.43152633543782315,0.466464197344869
EPIC211330362,0.0003969084455391827,0.340670680612847,0.6589324109416135
KIC2968820,0.0009509645258944597,0.5591065736012524,0.4399424618728529
EPIC220650253,0.0003014289604948017,0.03725800577477198,0.9624405652647327
EPIC212446331,0.000576870812772967,0.5347064360275476,0.46471669315968017
EPIC206308617,0.006010764792313055,0.32599852383095484,0.6679907113767329
EPIC211840467,0.0001405167148945363,0.11454747021904553,0.8853120130660578
KIC6551391,0.06976785120930415,0.40957946761405006,0.5206526811766466
KIC11515424,0.00015306559103187294,0.09183921079059222,0.9080077236183766
KIC10420202,0.0009335310862718391,0.09776284534807848,0.9013036235656536
EPIC201161403,1.881110574707986e-05,0.21253178118059812,0.7874494077136526
KIC9706219,0.00047771158210598046,0.4463249296882835,0.5531973587296097
KIC7808516,0.0648285764852509,0.4341524965130095,0.5010189270017409
KIC9835626,0.004202374514892666,0.35550991169996654,0.6402877137851424
KIC12070550,0.00023024059959240404,0.22372627961974934,0.77604347978066
KIC9392647,0.003093590003936888,0.121934693780477,0.8749717162155838
KIC5430779,0.00026461540900528466,0.10315232072101148,0.8965830638699842
KIC6620987,0.0003713083154469099,0.32634884416129367,0.6732798475232576
KIC9028321,0.00363226616346578,0.3310860180590565,0.6652817157774781
KIC4995788,2.755004668527723e-05,0.015574118885704391,0.9843983310676114
EPIC228996702,0.00027431690901268276,0.05548528304620526,0.9442404000447836
KIC5394451,0.0008365039774055053,0.32308126765584083,0.6760822283667541
KIC10228698,0.0027079404894600487,0.38586053846550333,0.6114315210450374
KIC8685978,0.002537655459260023,0.5819579528851431,0.41550439165559533
KIC9456506,0.0025011514281900937,0.29719664068532853,0.7003022078864805
KIC11903733,4.28326519305868e-09,0.3726900572262872,0.627309938490448
KIC6447552,0.01558311737889803,0.4540589093717656,0.5303579732493373
KIC10461323,0.0023186712651679267,0.32949562761487844,0.6681857011199541
KIC8934264,1.727073999362015e-07,0.32335473115242896,0.6766450961401727
KIC9667164,0.03034266119148127,0.3364905778349839,0.633166760973537
KIC6470149,0.0041234111418124615,0.28230019249803967,0.7135763963601456
KIC8631317,0.01773449166196996,0.5020056874103663,0.4802598209276628
KIC11600255,6.415336548411065e-05,0.26594253913634763,0.7339933074981693
EPIC211416288,0.00016786452227317725,0.031104897329437303,0.9687272381482868
EPIC210438176,0.0005438530371040201,0.5205187350208592,0.47893741194203643
KIC3965419,3.325153195673138e-05,0.370310075881915,0.6296566725861296
KIC9283112,0.0014675080899066754,0.5154131487050269,0.48311934320506617
KIC7175826,0.04636581036019526,0.3509726749041149,0.602661514735687
KIC3343931,0.013510555013235434,0.429555326230074,0.5569341187566876
EPIC211704166,0.0002153453914516762,0.025905987058151777,0.9738786675503978
KIC7985382,0.015188666421322146,0.4251818537669159,0.5596294798117606
KIC11147717,4.2777861557159214e-05,0.22429358065350505,0.7756636414849377
EPIC245935959,0.001184903885387714,0.08013407533485227,0.9186810207797597
KIC4587051,8.834734350201346e-07,0.26640194067738426,0.7335971758491805
EPIC214688884,0.00855394441896371,0.28192853804106865,0.7095175175399661
KIC4261269,0.0054040973784026175,0.32936611610595257,0.6652297865156453
KIC11494646,8.104633787118466e-07,0.5075184363674956,0.49248075316912604
KIC5859081,1.500770864863097e-08,0.17764932637233333,0.8223506586199586
KIC11129442,0.0022641811735313088,0.5242591361331372,0.4734766826933344
KIC12598909,0.002196912572948831,0.30300576079559,0.6947973266314599
KIC9835713,0.012303128899087544,0.6449627742953892,0.3427340968055216
EPIC211951502,0.00560097422387594,0.06070143468992135,0.9336975910862036
KIC8154799,0.0005081918073005548,0.34639780979331203,0.6530939983993878
KIC6764026,0.005192206381832738,0.20690460424591983,0.7879031893722473
KIC5706724,0.004243052069480046,0.2582578766566054,0.7374990712739143
KIC8231947,6.062241261164803e-08,0.16339117367295347,0.836608765704636
KIC4262239,0.01290984561091419,0.37873247159914203,0.6083576827899441
KIC11196614,1.4594103107737624e-06,0.3956414527668703,0.6043570878228188
KIC4738610,8.72462729626015e-07,0.13991866000103798,0.8600804675362326
KIC5426041,0.0024660153538722963,0.35100144568616876,0.6465325389599579
KIC10133033,3.3136359493457825e-05,0.029551797088844665,0.9704150665516645
KIC8802374,0.0006051193452570077,0.3654111736623659,0.6339837069923767
KIC8590931,0.003640979564971286,0.43330684539724096,0.5630521750377873
KIC11339247,7.628079166359591e-07,0.21316045639935097,0.786838780792733
KIC6142932,0.011380514755527092,0.32145325416446174,0.6671662310800114
EPIC211054460,0.026428037072776876,0.37221531531173685,0.6013566476154872
KIC8285025,2.596873956637903e-06,0.23486204290757268,0.7651353602184722
EPIC206283558,0.0004633336339626029,0.03565662193938602,0.9638800444266528
KIC5688694,0.053014778397265816,0.4414801817884804,0.5055050398142544
KIC8168080,0.0005441356387156187,0.513064165255447,0.48639169910583935
KIC2017541,8.111254580423835e-08,0.2293896082004201,0.7706103106870331
EPIC247840229,0.0036197094957723364,0.27993467444507036,0.7164456160591561
KIC8017898,0.03948794434327783,0.31468735603721143,0.6458246996195113
KIC12159679,6.783510447203849e-07,0.2287664780890037,0.7712328435599493
EPIC248798639,4.986162753333003e-05,0.06226846430897271,0.9376816740634963
KIC7265649,4.2750091260343065e-06,0.22476419257999938,0.7752315324108755
KIC3937022,0.0406160687087978,0.35767247211339764,0.6017114591778043
KIC6678432,0.0021740998086825537,0.3502108495922583,0.6476150505990568
KIC6279200,1.929991625100923e-05,0.31052082998463,0.68945987009912
KIC3531647,5.724559498871303e-05,0.4268887330947291,0.5730540213102795
KIC5305259,0.03872065489498255,0.3877147138844328,0.5735646312205849
KIC1163114,4.1377873562699966e-08,0.21204395530399006,0.787956003318136
KIC2165894,0.005455034872164688,0.2762867846322002,0.7182581804956356
KIC6522553,0.013116142351112402,0.3867024269365766,0.600181430712312
KIC8609704,3.586675625931667e-07,0.31006572517147374,0.6899339161609648
KIC3970177,3.440806470985267e-05,0.47968693922638456,0.5202786527089062
KIC5295898,0.0016003910786206558,0.1364427973576138,0.8619568115637645
KIC10031856,7.422807423597043e-06,0.2239172662926722,0.776075310899903
KIC9353950,0.005990683259802448,0.6604246078438546,0.3335847088963437
EPIC206413241,0.00019932481713266233,0.017062596737119816,0.9827380784457468
KIC10492224,0.00035622639349814055,0.38377555545748543,0.6158682181490144
KIC11446280,1.6062899982956244e-06,0.36527284506538704,0.6347255486446138
KIC2283532,0.0036070460903125127,0.5369382871724059,0.45945466673728264
KIC11752358,6.123410868788767e-05,0.6840749849941932,0.3158637808971191
KIC9636300,1.0587123808130966e-08,0.3892734947331196,0.6107264946797578
KIC8142438,0.0054895166732626954,0.1593034226393506,0.8352070606873854
KIC3219744,0.0017263961764742894,0.5218433142642225,0.476430289559302
KIC9290481,0.00012158937700347949,0.19801593608940776,0.8018624745335867
KIC7543102,0.006937390663504143,0.40416739945550756,0.5888952098809912
