ID,BART_weight,HBNN_weight,GP_weight
0,0.0006018627997360578,0.2049570830254309,0.7944410541748321
5,0.002420169716322562,0.6817333698275942,0.31584646045608317
6,1.130086971490936e-06,0.028798762357238765,0.9712001075557929
12,0.004602633704318646,0.17805012028648565,0.8173472460091961
13,1.0158222673837916e-07,0.052796407380624195,0.9472034910371495
14,3.899757739076147e-05,0.03554837137701257,0.964412631045597
16,0.005204408032535631,0.1656097464740073,0.8291858454934552
18,6.018419592194833e-07,0.026489246306114725,0.9735101518519272
19,0.00011364894505416964,0.02174872738458759,0.9781376236703554
26,0.002908479289352675,0.15735431865346614,0.8397372020571824
28,1.0919892717238574e-05,0.40885416829873233,0.5911349118085517
29,5.795505251272952e-06,0.3063163199711239,0.6936778845236249
30,7.382696303146191e-06,0.036365178874045216,0.9636274384296507
31,0.0020065980952776266,0.2784720054162877,0.7195213964884344
32,0.00034384024390527606,0.07915092305696025,0.9205052366991342
33,0.0003207086464174661,0.10081981976438767,0.8988594715891928
35,5.22014751054402e-06,0.11933576721491108,0.8806590126375774
39,0.004188916107680937,0.30978762204640264,0.6860234618459145
41,1.8086186670438716e-07,0.0336372837160022,0.9663625354221317
43,0.00021605256602024196,0.3631581692861269,0.6366257781478522
49,0.00014914578162130085,0.36057795934794723,0.6392728948704322
51,2.9899180807473983e-05,0.4826795305962444,0.517290570222949
52,4.085730144007674e-05,0.0251245847506912,0.9748345579478704
54,5.706693777638596e-09,0.2600856249932616,0.7399143693000457
55,0.0024751890094705502,0.29577359291913463,0.701751218071395
56,0.015039551611146318,0.27953685049245813,0.7054235978963951
59,0.0004975089076253255,0.054371083448033077,0.9451314076443426
60,0.00023171871097323952,0.06334489999762878,0.9364233812913973
63,0.0022511137249701173,0.3219185881131514,0.6758302981618772
64,6.5672236281336204e-06,0.11629518841329409,0.8836982443630784
65,0.030085020172687583,0.568845008241615,0.4010699715856977
70,0.00627602934823676,0.1603456481706889,0.8333783224810764
73,2.8063394498259552e-05,0.18988710368512698,0.8100848329203761
77,0.0028615003087112635,0.28838643193596347,0.708752067755325
78,0.0005884622066374493,0.05837489984486862,0.9410366379484939
80,7.265107622309202e-06,0.01681030188499586,0.9831824330073822
82,0.0003406865586530651,0.13055416743243886,0.8691051460089071
89,2.0758189422803767e-05,0.5220416287673844,0.4779376130431917
93,0.0001657317707071994,0.04140945700770668,0.9584248112215857
97,0.0027588586584397904,0.6433310810285123,0.35391006031304884
98,0.014009986688223147,0.3243552475628554,0.6616347657489203
99,9.5482532063586e-05,0.39121765577159423,0.6086868616963436
103,7.678782518281509e-05,0.19299642652905313,0.8069267856457657
109,6.452432697052408e-05,0.39613482902034036,0.6038006466526914
111,0.00015519858210928363,0.4024040255045586,0.5974407759133312
120,0.0015135999909896304,0.37079346152007236,0.6276929384889401
123,8.732331684111304e-08,0.040692822092654915,0.9593070905840302
129,0.00013665408283098407,0.16257304396044178,0.8372903019567283
138,0.00016087695765644913,0.39160327610031603,0.6082358469420266
139,0.0022198618377137864,0.3933029359555604,0.6044772022067286
141,4.889486976438839e-06,0.24353974520774702,0.7564553653052757
144,8.606369068478826e-06,0.04853607155819728,0.951455322072734
163,7.3635506170374795e-06,0.29787523033026103,0.7021174061191205
164,0.0011261082995521472,0.2628998497852653,0.7359740419151819
165,9.749455484354677e-05,0.32582631065604245,0.674076194789113
174,0.00015114754101016532,0.051286717510076345,0.9485621349489133
175,9.6504920274103e-05,0.4900148077672156,0.5098886873125104
181,0.0009893952653743396,0.4057980162285462,0.593212588506081
184,0.0020272814473404296,0.23860512682081073,0.759367591731847
191,0.0021539810857833103,0.2155428038524994,0.7823032150617166
194,8.710131511920125e-05,0.434253051923069,0.5656598467618101
196,0.0003810665618305818,0.05517159994955237,0.9444473334886182
197,0.00013979418800320114,0.5859328775627888,0.41392732824920925
210,0.00011457718558444284,0.032226107449064866,0.9676593153653514
221,0.00045938149357297326,0.1810979933942142,0.8184426251122118
225,0.0006228686820767405,0.09634639007653835,0.9030307412413847
228,0.004446191947539367,0.5036307115972004,0.4919230964552581
231,1.5743944631572472e-05,0.014361611238277913,0.9856226448170914
232,0.0004551896945578437,0.45931787166251475,0.5402269386429276
235,0.008982803310583536,0.26276815841514556,0.7282490382742713
242,0.00036384726618002587,0.1030595707747069,0.8965765819591119
243,0.0005426709474124916,0.14162408940986831,0.85783323964272
244,3.645800610067323e-05,0.06205108074013597,0.9379124612537636
251,4.8584179237146915e-05,0.17514048902275248,0.8248109267980064
252,1.4160390491404486e-05,0.2370452504329649,0.7629405891765462
253,3.7367511136896754e-05,0.04455564976606707,0.9554069827227969
258,4.650243377874487e-05,0.2694093767180805,0.7305441208481421
268,0.004706772704233328,0.19961367434133181,0.7956795529544368
269,0.00010742790437329213,0.3859545055343806,0.6139380665612435
271,0.0032909550443666023,0.33070525509731546,0.6660037898583185
272,5.90598316305697e-08,0.12986788278169056,0.8701320581584769
274,1.801756452804992e-05,0.1576446286548011,0.8423373537806734
275,0.0003244099947732267,0.36181119515503796,0.637864394850188
276,0.0008712915514171452,0.10600656113255288,0.8931221473160285
278,0.001810414270136681,0.21850394827384528,0.7796856374560188
281,4.020803677485362e-05,0.29576598684108535,0.7041938051221396
285,0.02118706530412419,0.2643987458202771,0.7144141888755966
290,5.05880007151789e-06,0.09613247868173105,0.9038624625181978
293,0.0006195039048518049,0.20119354792488867,0.7981869481702584
294,7.574725463626558e-05,0.5708025757157165,0.42912167702964893
295,0.009499557025268198,0.22071695435818445,0.7697834886165483
296,0.000165422777255876,0.0465661448063289,0.9532684324164132
302,0.09141218455665784,0.36126606057226335,0.5473217548710786
306,2.4640066653079162e-05,0.7525248645603865,0.2474504953729597
307,0.0006403664611278328,0.23369052911394206,0.7656691044249324
308,6.702125947482309e-06,0.09744966170763837,0.9025436361664122
309,0.006479459134846217,0.3563057698903281,0.6372147709748254
310,0.00011812336685801572,0.32418890864966504,0.6756929679834759
312,2.063112392852378e-05,0.42137017714278446,0.5786091917332886
314,7.648316600905074e-06,0.05565560434470689,0.9443367473386922
315,3.0369299414676805e-06,0.057353974962353074,0.9426429881077061
316,0.0016749769568178167,0.15281019217086703,0.845514830872315
319,0.0075436159569911435,0.39735019894211987,0.5951061851008875
321,1.2709833744239175e-05,0.3779910076578914,0.6219962825083635
323,0.00920737236380441,0.3632171012775469,0.6275755263586497
324,2.2764471269570147e-06,0.05237128222344411,0.9476264413294283
325,0.00020090529306066002,0.11098958269170602,0.8888095120152355
326,0.0013604465624503265,0.5066305131489593,0.49200904028858955
327,2.8309688185130113e-06,0.2817121100172218,0.7182850590139597
328,0.0013311357440305145,0.349843869142462,0.6488249951135103
329,0.0005283356667065463,0.2489136553185279,0.7505580090147634
334,0.014201530866405025,0.2968849005534327,0.6889135685801611
337,0.0029139201973571054,0.6860187469110387,0.3110673328916036
339,0.09116500597927805,0.3410132163762293,0.5678217776444919
340,0.0018012466579724142,0.5085456924201994,0.489653060921828
341,4.996489356978747e-06,0.17777094628889958,0.8222240572217432
342,0.0011852218581619703,0.5930278631645305,0.40578691497730607
343,0.00039152678121188495,0.3142876190015702,0.6853208542172196
344,1.9290303208670563e-06,0.7297098533136076,0.27028821765607147
345,0.00042859786550040986,0.1254206972193656,0.8741507049151326
347,0.003957377965501511,0.21753888049779727,0.7785037415367041
352,0.05741734414324246,0.5053769598554836,0.4372056960012736
354,5.538773621183293e-06,0.011836190783093295,0.9881582704432849
357,4.526306498226856e-06,0.4567426744934021,0.5432527992000994
364,0.0002756165654990954,0.10116842015831141,0.8985559632761899
367,7.108368684465987e-06,0.012281081975134845,0.9877118096561796
368,2.3718099609482543e-05,0.5481507093225779,0.4518255725778143
369,0.000144531056311117,0.6946494107295298,0.30520605821415736
373,0.004040638056619377,0.449163062900088,0.5467962990432913
375,0.00029350922108307986,0.19676784146747905,0.8029386493114394
377,0.0006715324444221229,0.12611298675231963,0.8732154808032581
378,1.0011934297150128e-07,0.14366557705742197,0.8563343228232349
379,0.0002902988486197697,0.1786118944624271,0.8210978066889542
380,0.018064174326353835,0.23441458065518372,0.7475212450184631
384,3.98887613176796e-06,0.011546397111071876,0.9884496140127966
390,0.002418574692597118,0.35439208458639926,0.6431893407210031
391,6.435773323369628e-08,0.12082312592993229,0.879176809712334
392,3.4223892472098995e-06,0.07202741700834593,0.927969160602407
394,3.930264914599327e-06,0.3401504325273067,0.6598456372077783
395,3.1207524799771505e-05,0.025714815713579205,0.9742539767616195
396,0.0001311097145595804,0.060880147222122705,0.9389887430633149
398,2.592499388680833e-05,0.5683224569029037,0.4316516181032115
400,0.0005889478107092099,0.11755549363180225,0.8818555585574891
403,0.0010239373765999619,0.14239157880965778,0.8565844838137415
404,0.004990916637350915,0.5486625608841299,0.44634652247851897
405,8.540237206917983e-06,0.34362961166896133,0.6563618480938324
415,1.0765675619868493e-05,0.32238400198214534,0.6776052323422316
417,0.00019680391248850571,0.10624642145699553,0.8935567746305145
428,0.0011573007550748885,0.2946152382220368,0.7042274610228891
430,4.956773308024238e-05,0.5986720206482804,0.4012784116186397
433,1.3156155679350266e-05,0.019151044798830456,0.9808357990454923
434,0.00055810395307766,0.6041106583053676,0.39533123774155604
435,2.4403676276543683e-05,0.4882444619275596,0.511731134396164
436,0.0006146392365411883,0.5082399090074049,0.4911454517560549
439,2.936847278780112e-05,0.2790227968580352,0.7209478346691779
443,0.0006852245200583098,0.10618731307518046,0.8931274624047623
445,8.173669848931956e-06,0.6230026113416575,0.3769892149884931
446,3.566360672057487e-08,0.07037112518401037,0.9296288391523811
447,0.04415754871139058,0.3493830811645206,0.6064593701240895
449,0.00047207378195798376,0.41811901070957475,0.5814089155084653
456,0.0013319079916414658,0.28847920773587954,0.7101888842724781
459,2.0267151264224967e-06,0.16113293455381747,0.8388650387310539
461,8.263970934843322e-05,0.02210422562699423,0.9778131346636586
467,0.011444317538505963,0.3182637610503112,0.6702919214111815
472,0.0012658495992495893,0.4135310651900197,0.5852030852107305
476,0.000575147701354328,0.3128314651825807,0.6865933871160639
480,2.1328519382462948e-05,0.02152804193052761,0.9784506295500894
487,0.0002927125725795051,0.2980720687084367,0.7016352187189832
490,4.0948896622651276e-07,0.02134445739937998,0.9786551331116532
491,1.793950987490862e-05,0.12714987894011365,0.8728321815500116
502,1.4213084420255944e-07,0.029537636607888978,0.9704622212612662
505,0.006115115881777159,0.3237263905685139,0.6701584935497077
512,0.006996451217270929,0.6126240612491232,0.380379487533604
513,0.000614459997343958,0.5383757080844794,0.46100983191817685
515,1.147076729265563e-06,0.022138599643665498,0.9778602532796047
516,2.5799753571541293e-07,0.07222766526935893,0.9277720767331045
517,0.06105127845133736,0.4926952316915094,0.446253489857153
518,1.1429981362131276e-05,0.19248376041814383,0.807504809600497
519,0.008644359732940579,0.32478169829644904,0.6665739419706113
523,0.008280330189461416,0.2969392415014421,0.6947804283090959
525,2.8848908668662707e-07,0.05674714692871632,0.9432525645821964
527,0.003285602930412427,0.35368025503769096,0.6430341420318949
528,0.00026121143257334766,0.483316141943402,0.5164226466240245
529,0.00016357513602554183,0.0831755357015775,0.9166608891623961
530,6.668643662269521e-05,0.02705073924863532,0.9728825743147442
533,1.1305092319268401e-06,0.2862629405208793,0.7137359289698874
534,3.4348742477389426e-08,0.05985303840373632,0.9401469272475204
537,1.2828898200504316e-05,0.3011332051353573,0.6988539659664421
539,4.9819953165576454e-05,0.39050668432197677,0.6094434957248579
544,2.4215141626274288e-05,0.02216404936957124,0.9778117354888041
545,0.023439628709372627,0.2188617327489469,0.7576986385416784
546,0.002977886104263734,0.2500900762307412,0.7469320376649923
548,0.00015146573313028788,0.32202411366309275,0.6778244206037762
549,0.0003511422417452725,0.10272569883012704,0.8969231589281274
557,0.00013474990370510118,0.042280579988555306,0.9575846701077383
560,0.006103313490566556,0.4121686334342797,0.5817280530751526
566,0.001269346130227627,0.27198212319702625,0.7267485306727447
567,4.7996303127742445e-06,0.06348021610949221,0.9365149842601952
568,0.0017924598020555079,0.19141437087200275,0.8067931693259394
569,0.0001788398680886499,0.37682705407160794,0.622994106060303
571,0.04880540589927027,0.438970039517013,0.5122245545837167
587,0.06260819205448273,0.5209378006581663,0.4164540072873515
588,0.005142033566995004,0.18697010887639437,0.8078878575566086
590,0.01849535857935166,0.43561167863279027,0.545892962787857
591,1.583450390268003e-05,0.22106099782315142,0.7789231676729441
592,0.002725802416721749,0.17464514772672562,0.8226290498565512
593,3.966810269026263e-05,0.4770009846993998,0.5229593471979097
594,0.00028509261688556436,0.14715627620357957,0.8525586311795371
595,0.004393583455173457,0.3056312525441265,0.6899751640007014
596,0.031331535877643,0.36010961287544097,0.6085588512469174
597,0.014595963280457156,0.4236014222410873,0.5618026144784553
605,0.00014949021310437077,0.045496413185671304,0.9543540966012259
606,6.609138656584983e-08,0.035385904603803676,0.9646140293048079
615,9.580912089681147e-07,0.2230373783572996,0.7769616635514914
616,0.07529300763429676,0.5421565259560909,0.3825504664096128
617,0.00015492065379563494,0.047418694295223156,0.9524263850509834
620,6.506292822418937e-05,0.2664776774752629,0.7334572595965116
623,0.00014276871679110012,0.11069747426314189,0.8891597570200667
625,0.0018862575524272094,0.263605421178331,0.7345083212692416
626,4.380895681437512e-06,0.027314285220224454,0.9726813338840935
627,0.00034615757982340385,0.10454954103750487,0.8951043013826712
628,0.000674569983311587,0.22313223443078872,0.7761931955858989
629,1.6015252969296984e-05,0.6342449481795407,0.36573903656749196
630,1.0469116258864502e-08,0.1145363039152602,0.8854636856156248
631,0.0065696754222414775,0.2903562500310852,0.7030740745466756
635,1.0359442223896355e-05,0.17095225426440602,0.8290373862933696
639,1.411855374409668e-05,0.018510942884427183,0.9814749385618294
640,5.283796127323227e-06,0.05200414473921632,0.9479905714646557
643,3.2491464586726925e-06,0.3281550979181637,0.6718416529353773
650,1.186863328780122e-05,0.03566760158144834,0.9643205297852673
651,3.023140273247086e-08,0.0841942928801178,0.9158056768884797
652,0.028410141956988964,0.5709297746533916,0.4006600833896202
653,4.9251924892452894e-05,0.016840835606070328,0.9831099124690352
654,0.00020500387696715345,0.41728668822029286,0.5825083079027368
655,0.0015296330466927361,0.3126811881492545,0.6857891788040537
656,3.2562103862282914e-05,0.03398281475810864,0.9659846231380298
660,0.02009658001510208,0.33872476099902615,0.6411786589858705
677,8.738609514818457e-05,0.09012163916397267,0.9097909747408816
678,3.219832025322021e-05,0.4679375787710626,0.5320302229086827
679,1.8117049997306282e-06,0.12203410438272255,0.8779640839122764
680,3.514407019721589e-05,0.2868289566720877,0.7131358992577143
682,0.002589948468708128,0.1323220043821677,0.865088047149127
683,1.055973719845367e-06,0.27245008462273823,0.727548859403541
692,2.914740199876855e-07,0.03880557190856872,0.9611941366174116
693,0.0071324351061786105,0.3139253483190131,0.678942216574808
694,2.372336868080929e-05,0.04300936159472209,0.9569669150365965
699,2.2167225110116153e-06,0.0823242588266243,0.9176735244508629
701,0.003496349109098272,0.45943535379059686,0.5370682971003048
706,0.0002814641516978316,0.49788766185106637,0.5018308739972358
707,0.0025426411263180246,0.48905208042290366,0.5084052784507793
708,0.008891332795105462,0.20416353892373212,0.7869451282811604
711,0.0005282583246159357,0.29414327368241555,0.7053284679929678
712,7.608022046707446e-05,0.054595365640804985,0.9453285541387286
714,0.0025036444766638297,0.3310791578420141,0.666417197681321
724,5.861480840054564e-05,0.030244413929558026,0.9696969712620429
727,7.364986653743358e-05,0.278828170168866,0.7210981799645952
728,1.6653657478020623e-05,0.06976919042277009,0.9302141559197518
729,0.0008303601419258706,0.18501808602168507,0.8141515538363887
730,2.8290827162599166e-05,0.04464694916510581,0.9553247600077308
731,0.00019535344158739894,0.08736594734232982,0.9124386992160842
736,1.2211591793434652e-06,0.04280187820498505,0.9571969006358333
752,0.00810395268563321,0.543793603695443,0.4481024436189233
755,3.330410218258409e-06,0.04394355281260857,0.9560531167771735
758,0.02344998888955249,0.39440004502846765,0.5821499660819794
760,7.81152828946194e-06,0.5734469290337304,0.42654525943798116
763,0.0005492241876019872,0.397158786433681,0.6022919893787183
766,2.2584305175609717e-05,0.01994877652488848,0.980028639169936
767,0.010332466384531036,0.2765530387988577,0.7131144948166113
769,0.0013647504096956223,0.6870594663331915,0.31157578325711255
770,0.00022994236855709008,0.3825285130350445,0.6172415445964005
773,1.664036550224206e-07,0.030911813556644928,0.969088020039701
780,1.6247140070729106e-05,0.28098829920496005,0.718995453654971
789,0.0011518856709025061,0.29509035684743123,0.7037577574816681
793,0.003485247189298749,0.2577511699417024,0.7387635828690007
794,0.00031774288935202923,0.16164102661651522,0.8380412304941336
795,6.099743041395481e-06,0.6863356930211748,0.31365820723578264
796,0.04278748277090273,0.22945520451682094,0.7277573127122765
797,0.00036816907601761403,0.084384780934562,0.9152470499894177
798,5.465418094162207e-06,0.47963542722685865,0.5203591073550484
799,3.103970880287637e-05,0.7804529065007069,0.21951605379048866
802,3.1911358000934596e-06,0.09513361834102797,0.9048631905231697
805,0.004587567825279994,0.27932484890758724,0.7160875832671321
806,0.003692555824042231,0.40744220726311864,0.5888652369128392
807,3.680279282091331e-07,0.024925417910263384,0.975074214061807
809,6.920129828487036e-05,0.0439206052035328,0.9560101934981791
811,0.010536643897734966,0.32432341331079456,0.6651399427914687
812,0.0003812500721503458,0.5465018647207767,0.45311688520707355
817,0.003110647576104792,0.5595478735850163,0.43734147883887914
818,0.0060562909154028306,0.2064252567409503,0.7875184523436469
825,0.03581979682386083,0.5079013278702694,0.45627887530587147
829,0.0006736632848894914,0.11829124665361784,0.8810350900614933
834,4.401044123462276e-06,0.010107992693192654,0.989887606262684
846,2.0474273890754302e-05,0.028529981606315393,0.9714495441197935
847,6.976159775418676e-06,0.04942056833503944,0.9505724555051852
849,0.008486953246277124,0.2761717426656055,0.7153413040881179
851,0.0009469845843387983,0.44022010763298663,0.558832907782675
853,0.004320385122756326,0.2746964262434839,0.7209831886337607
857,0.0008685174166304869,0.6878475936468628,0.31128388893650827
859,2.8145619402532993e-07,0.029110173526777746,0.9708895450170273
861,3.2761383168474e-05,0.047800037178647205,0.9521672014381862
862,7.679033298887597e-06,0.022168285038655866,0.9778240359280482
863,0.0010933115781813797,0.5249735830795468,0.47393310534227273
870,0.004027850001486388,0.2751604564994505,0.720811693499064
871,0.023007750099352815,0.29764535067644915,0.6793468992241958
872,0.0019923161698480736,0.2354222683573614,0.7625854154727896
876,0.000797349039100433,0.21065067671742194,0.7885519742434789
877,0.025193195372849694,0.34580663285997587,0.6290001717671729
885,0.00028054974140172967,0.3472034930563,0.6525159572022994
886,7.188173470031221e-05,0.5172613895607849,0.48266672870451455
888,1.424918187165939e-08,0.07854100906172574,0.9214589766890923
894,2.0875621042120812e-05,0.021545903383784752,0.978433220995172
896,3.77215201323674e-05,0.05733385760922564,0.9426284208706417
897,0.001364201643428471,0.18844484537950096,0.8101909529770709
900,0.0008505280093932897,0.5241486171770442,0.47500085481356286
901,0.0008949074408245866,0.328924184243164,0.6701809083160101
903,3.119690060144209e-05,0.5163391064691284,0.48362969663027
904,0.0001262282548488159,0.1406100092924603,0.8592637624526902
911,5.4073282353029834e-05,0.03173259809314117,0.9682133286245049
912,8.938816717753037e-05,0.2280884036128561,0.7718222082199656
915,0.0005885879116117652,0.754094301010621,0.24531711107776882
916,1.2169933386330962e-05,0.039675684727049035,0.9603121453395648
918,0.016201929781936648,0.2412650038531964,0.7425330663648657
922,0.000299102325696742,0.577766279306814,0.42193461836748924
926,0.00216783150205281,0.1528202771501516,0.8450118913477969
928,0.00016091991270571337,0.4468228135103231,0.5530162665769717
930,0.0033075767611599367,0.23783912695006687,0.7588532962887746
938,0.0006858360180951255,0.17165837176757484,0.8276557922143303
939,2.7119769259746754e-06,0.011803985835487939,0.988193302187586
940,2.5421239616530854e-05,0.05005207292612825,0.9499225058342529
942,8.583925572337329e-08,0.05963954527489453,0.9403603688858536
943,5.91163289097212e-05,0.04379458731128239,0.9561462963598076
945,1.6249418394857238e-06,0.1251313982275526,0.8748669768306078
946,1.3217932374429898e-05,0.017181962433541954,0.9828048196340841
947,2.095399662350297e-06,0.04741024366933311,0.9525876609310051
948,4.305063650673716e-06,0.05675968510635415,0.9432360098299941
952,0.00018874001169005126,0.07457306913277098,0.9252381908555399
955,0.007992825065997333,0.2656905444865952,0.7263166304474071
964,0.0005972083636983602,0.15892768793766499,0.8404751036986355
965,0.0003330829709587386,0.4734451089790235,0.5262218080500171
966,2.4934559820007993e-05,0.14962802948185364,0.8503470359583266
988,0.14004391679378778,0.3376150261121916,0.5223410570940211
989,3.090282033820582e-05,0.4800507623540313,0.5199183348256314
990,0.0007902767026334627,0.5537271220945258,0.4454826012028409
991,0.034520776450392525,0.558392350660617,0.40708687288898976
994,0.00015781139309586982,0.29201351287725513,0.7078286757296472
1002,0.011980557885992638,0.3094189073565669,0.6786005347574404
1012,0.001189969284051153,0.2698559332785604,0.7289540974373891
1013,0.0007001006946394867,0.13010094395241653,0.8691989553529442
1014,0.00024972206076174326,0.33155518819137203,0.6681950897478686
1024,2.400504469102311e-07,0.02116247991126244,0.9788372800382905
1027,3.654427193630371e-06,0.010160453970897971,0.9898358916019081
1028,5.082927965832583e-05,0.5401562502120729,0.4597929205082704
1040,0.001417040024178032,0.23215633581306638,0.7664266241627535
1041,0.000492344953024876,0.3805475899417188,0.6189600651052553
1050,0.00020255577622437537,0.08496595475258296,0.9148314894711931
1052,3.639137844355332e-07,0.07390462871786517,0.9260950073683499
1057,0.0004185450752205262,0.07998762378921175,0.9195938311355679
1061,9.178985097841559e-06,0.2827287073563739,0.7172621136585282
1067,0.0004427534220531413,0.24871444428198422,0.7508428022959623
1072,0.0010614781062349738,0.562764070253538,0.4361744516402271
1076,0.0008361191967544445,0.49444740507490637,0.5047164757283394
1078,3.840442817508227e-06,0.28579153248625705,0.7142046270709237
1081,0.013786294641566237,0.45667957634767214,0.5295341290107659
1087,6.501304815709693e-06,0.24690128317176946,0.7530922155234141
1089,3.9286709588713623e-05,0.21245384607579731,0.7875068672146134
1097,3.195422756953737e-06,0.04278814355737562,0.9572086610198675
1107,0.00013860708976720635,0.03884447752140553,0.9610169153888284
1110,5.925724365635223e-05,0.32851779200710984,0.6714229507492362
1124,1.3688805240527875e-06,0.013103091884913105,0.9868955392345636
1126,0.05347372796844404,0.4363175409835463,0.5102087310480085
1129,0.0009888090239809336,0.04990378185313771,0.9491074091228784
1132,0.002170875921909948,0.17856378171919265,0.8192653423588977
1137,0.005549039251094399,0.4139307270590053,0.5805202336899004
1141,4.303722093649815e-07,0.7340998818114449,0.2658996878163451
1144,7.504382488877185e-06,0.014937651776663568,0.9850548438408459
1154,0.00023444203618742644,0.12570339785835782,0.8740621601054553
1160,5.5554694971443326e-05,0.3381300100688654,0.6618144352361616
1163,0.007412213089260437,0.4569947055088976,0.5355930814018407
1166,6.35611038619137e-05,0.28873444205588783,0.7112019968402481
1174,3.4599418756681037e-06,0.024585629533398223,0.9754109105247256
1178,0.0027985856088969165,0.32839633458381245,0.6688050798072894
1183,2.9790636135513283e-06,0.028584180116562757,0.9714128408198214
1193,0.00011847979069576807,0.7623806209427205,0.2375008992665822
1194,0.0038919728673655653,0.40626649431256867,0.5898415328200676
1210,2.9213516590630495e-06,0.0061750162157703835,0.9938220624325707
1211,4.877253176536916e-08,0.05157695799586329,0.948422993231604
1213,1.495086766104248e-06,0.016847348442504302,0.9831511564707321
1214,0.00026042661767679753,0.18663971197028414,0.8130998614120423
1221,5.296825192558471e-07,0.05880889896825116,0.9411905713492306
1223,0.0035831579233759382,0.20542260325801745,0.7909942388186076
1245,0.0018168046100660278,0.1301907313935685,0.8679924639963672
1246,0.0005804394118393343,0.4417051946169191,0.5577143659712405
1247,1.1802481152305102e-05,0.14246833485915744,0.8575198626596904
1248,2.2999246281779704e-05,0.021449508806507863,0.9785274919472103
1249,3.3746800781089135e-05,0.34234683099607643,0.6576194222031425
1257,0.00902900407660052,0.34311042044092865,0.647860575482472
1266,6.38517421670487e-05,0.33034840459227033,0.6695877436655642
1269,6.023411336906015e-06,0.031171868186195877,0.9688221084024679
1270,5.9196017920424124e-05,0.6942369170734359,0.3057038869086425
1271,0.005244619133982453,0.21698536669571805,0.7777700141702988
1273,0.0003082580424461875,0.2398935986232502,0.7597981433343045
1274,0.00037932339531707306,0.4571917824918232,0.54242889411286
1275,0.027737586619066845,0.2968868722114954,0.6753755411694374
1282,0.010768120192302435,0.3277287700560117,0.661503109751685
1283,0.001405959141405592,0.34707538590163445,0.651518654956959
1296,7.656666073137623e-05,0.6758934156856387,0.32403001765363043
1305,1.9486025014878414e-06,0.23777852515372325,0.7622195262437749
1309,0.003071438606167783,0.341998600035356,0.6549299613584748
1317,3.1412586535356623e-05,0.49111737892398927,0.5088512084894742
1323,6.584536236012718e-06,0.532777457614247,0.46721595784951786
1324,0.008196551148740875,0.4014174630939229,0.5903859857573358
1325,0.0001381462068259761,0.5053619131095005,0.4944999406836739
1329,1.2806341194935404e-05,0.46444837529718885,0.5355388183616173
1334,0.004072934236352424,0.11916464217234134,0.8767624235913055
1336,1.5285911900961443e-05,0.4186263359510225,0.5813583781370759
1337,0.0003361587776583354,0.7401600621247693,0.2595037790975696
1338,7.415644780815453e-05,0.36965998157193475,0.6302658619802572
1339,0.0003063634529492164,0.06417519688647916,0.9355184396605718
1340,0.0005190115364830668,0.11596207922758912,0.8835189092359269
1343,0.005783829789250393,0.10435152127612735,0.889864648934625
1344,4.921467545740548e-05,0.025569062596652044,0.9743817227278879
1346,7.726180615929792e-07,0.3003479824524495,0.6996512449294888
1347,9.25183835127556e-07,0.20494700253509376,0.7950520722810738
1349,1.276236994999466e-05,0.008856625577031983,0.9911306120530179
1360,5.160732513680951e-05,0.0734580238804898,0.9264903687943739
1361,0.002417117101678506,0.27488833151820824,0.7226945513801099
1362,1.2548029534571325e-06,0.2213726688205376,0.7786260763765106
1364,5.419606936803717e-05,0.06991133585405,0.9300344680765805
1378,1.4215413063542087e-05,0.7269869024893633,0.272998882097573
1379,3.238676932262112e-08,0.048676092679928305,0.9513238749333045
1381,4.784563851451044e-06,0.617433476588488,0.38256173884766265
1397,0.0001570258858201571,0.1732612474285114,0.8265817266856682
1398,5.488799890365e-05,0.01583158970317183,0.9841135222979235
1406,0.0004505486798815633,0.13327855256161977,0.8662708987584987
1412,5.101621816514668e-06,0.4461603392009143,0.5538345591772698
1413,8.70234760625137e-06,0.060995247334525986,0.9389960503178675
1415,0.000762037658537,0.15579257177790584,0.843445390563559
1427,0.00027833995639906206,0.08771310648633596,0.9120085535572623
1428,9.601959531743569e-05,0.0674402634306766,0.9324637169740082
1431,0.00010529454964473187,0.07881482050577965,0.9210798849445743
1440,0.0009891069984468404,0.24012780296105352,0.7588830900404997
1445,0.0002866798711511485,0.38339889218125517,0.6163144279475938
1446,3.203655502930812e-08,0.13982549839715114,0.8601744695662938
1447,3.219367513294454e-06,0.17937495703204637,0.8206218236004396
1458,0.007773980104279743,0.3477917912899315,0.6444342286057891
1460,0.0009892543539683192,0.19886526110238914,0.8001454845436432
1461,0.00010435291768602284,0.2767457610691329,0.7231498860131835
1462,0.0002866855207744984,0.0318675252757841,0.9678457892034387
1463,8.97363990465418e-07,0.06879594027636536,0.9312031623596418
1466,5.014932962280867e-05,0.1277559801969507,0.8721938704734264
1471,0.0008387657278231483,0.22713919142757014,0.7720220428446056
1475,0.0002414231426234686,0.39292683747819485,0.6068317393791796
1477,1.3648423740214745e-05,0.022378175702549692,0.9776081758737124
1480,2.337203568518006e-07,0.34590043845452934,0.6540993278251125
1481,3.714466851184626e-05,0.46499519678115653,0.5349676585503311
1482,0.001027714847164316,0.366309449624121,0.6326628355287173
1487,0.0001908242861218072,0.04463540938296358,0.9551737663309147
1488,7.139173080782141e-05,0.6866813207018161,0.31324728756737535
1491,2.3129475563103424e-07,0.02353904086664422,0.9764607278386026
1498,4.9117335348258e-06,0.033584923244327165,0.9664101650221392
1509,8.868782390012348e-07,0.5394603424095314,0.4605387707122272
1513,0.003347596210750275,0.15702135946659562,0.8396310443226532
1517,0.0011969250787138542,0.11085811963063741,0.8879449552906494
1520,1.3108886834475024e-05,0.23593955016481322,0.7640473409483497
1523,4.5854273589155344e-05,0.11800104845676132,0.8819530972696488
1540,0.0006907987802351553,0.04032709297225222,0.9589821082475152
1543,0.008861647062281553,0.5221401308677285,0.46899822206998976
1553,3.0072685892622686e-05,0.017894273840058098,0.9820756534740488
1554,3.461591880789703e-05,0.7224864883152388,0.27747889576595264
1555,0.0061929786361372965,0.1695202448080146,0.8242867765558484
1559,1.549835119217026e-05,0.02499366095987572,0.9749908406889318
1565,2.867102804417999e-05,0.18488794629475488,0.8150833826772007
1570,0.008052811877636434,0.27268373087155406,0.7192634572508076
1578,0.0015912331821252208,0.2127606304163805,0.7856481364014952
1579,0.002089863054100229,0.3000505202807107,0.6978596166651869
1583,0.0073583625506871,0.3602589049656084,0.6323827324837044
1584,0.0023246817224494335,0.41930859869093867,0.5783667195866111
1585,9.168617939439826e-05,0.04729517112074052,0.9526131426998621
1590,0.00030467689907885014,0.2916578093179832,0.7080375137829402
1592,0.0008954532015373916,0.3876240220683369,0.6114805247301233
1594,0.007379271745434473,0.1997831874440497,0.7928375408105136
1595,0.07976360894230237,0.2998441171474883,0.6203922739102106
1596,1.020534908660409e-06,0.020482619603487615,0.9795163598616043
1618,0.0001650019427236774,0.20753819948379865,0.7922967985734806
1621,8.972411075239683e-05,0.04602510954059081,0.9538851663486584
1630,0.0005620362081012889,0.5055243241369036,0.49391363965499596
1632,1.2439190814829984e-06,0.360254104750792,0.6397446513301239
1649,3.369139557088434e-05,0.018718052682788287,0.9812482559216441
1664,0.0003595725711234599,0.09425835431739771,0.9053820731114759
1668,0.0011803353337161014,0.14709262213251856,0.8517270425337677
1669,1.4299752712081318e-08,0.0596163809020157,0.9403836047982348
1678,0.020640799631479953,0.311880124819675,0.667479075548846
1680,0.002782532861440826,0.49641291203636506,0.5008045551021931
1694,0.00036946767779550343,0.30024704006373737,0.6993834922584667
1701,2.76443337334311e-07,0.058030519288445735,0.9419692042682168
1710,0.0003641440364703965,0.2968649280027873,0.702770927960742
1728,4.304453200015978e-06,0.35231506646432276,0.6476806290824771
1735,1.5279906019585962e-05,0.05369663180023896,0.9462880882937434
1736,0.0008823062650962254,0.2650100142933478,0.7341076794415563
1745,0.0004650664101341352,0.2585132499668819,0.7410216836229859
1748,3.617285003309199e-05,0.053447456427245035,0.9465163707227244
1757,0.0008403415102711949,0.6361912735799757,0.3629683849097526
1759,9.725073423020531e-06,0.5785032157449348,0.4214870591816429
1761,0.03385305174801485,0.40577025995872934,0.5603766882932552
1769,0.0037890349115520935,0.28176569547615526,0.7144452696122937
1775,0.005188144478333567,0.6559249316742359,0.3388869238474309
1782,1.366806592208452e-07,0.12494027392545715,0.875059589393882
1785,0.0039914590522160814,0.34369413486145384,0.6523144060863318
1786,6.317144250341567e-05,0.214530585463638,0.7854062430938594
1789,0.0028638288082638744,0.4021113824822352,0.5950247887095013
1791,0.0011974104179205958,0.09003651399653799,0.9087660755855426
1796,1.9489650154128098e-05,0.13760682486640494,0.8623736854834406
1800,1.6457560060657274e-07,0.02371969690408725,0.9762801385203124
1802,0.0038258870571349127,0.35824782707788677,0.6379262858649768
1806,0.010904948611672292,0.42263058078775717,0.566464470600569
1811,0.00019789270820234312,0.26859744608619923,0.7312046612055985
1812,0.08974338779472837,0.3724493506301462,0.5378072615751257
1813,0.0018475067763118887,0.3131042195768926,0.6850482736467967
1814,1.1820898500309837e-06,0.12792911163121776,0.8720697062789299
1821,0.0003546657367318765,0.24116967293615515,0.7584756613271108
1823,1.0909309703639323e-06,0.0494876444883152,0.9505112645807131
1825,5.677279388178106e-05,0.12478345026962268,0.8751597769364973
1827,0.0006893483800824311,0.321546229861274,0.6777644217586448
1840,0.00026221974336819334,0.33045598506793905,0.6692817951886946
1842,0.0038117605140342843,0.2558722965815784,0.7403159429043839
1844,4.6734543278946336e-05,0.46034556634769985,0.5396076991090211
1845,7.09086788237019e-05,0.5489860872274223,0.4509430040937546
1847,5.501915642333415e-06,0.13508172864817342,0.8649127694361821
1848,0.00011838916231204967,0.03905751994141258,0.9608240908962754
1852,1.2993706741876783e-07,0.07922258603459371,0.9207772840283374
1853,5.768868145068517e-06,0.10136244564974209,0.8986317854821132
1859,0.00012709621624628587,0.12303857685594732,0.8768343269278079
1860,0.00035841018760519427,0.4726524391621949,0.5269891506501974
1873,0.010919332959782764,0.2733002180265228,0.7157804490136936
1876,2.8801657015147837e-05,0.06990453986635019,0.9300666584766318
1880,0.0005063994025420271,0.13311874335782223,0.8663748572396365
1881,1.695886265008587e-05,0.19488044088134066,0.805102600256011
1883,0.0006024104567158113,0.3735387061641514,0.6258588833791319
1884,6.763445504902663e-08,0.07557899604435526,0.9244209363211909
1887,0.006706010528658779,0.15883998854565806,0.8344540009256833
1894,2.5293154710924203e-05,0.4745790843859987,0.5253956224592913
1897,0.009983432137344974,0.2524271115167695,0.7375894563458884
1899,0.002156094447053855,0.32209630668276024,0.6757475988701869
1902,4.077422691813072e-05,0.5819281027483066,0.41803112302477674
1903,0.0008623852784752298,0.10770280195166841,0.8914348127698577
1905,2.1665902936072035e-05,0.023203797756054113,0.9767745363410102
1906,8.484337159205467e-06,0.07530998750596297,0.9246815281568762
1907,4.596217020886325e-06,0.05624371218377878,0.9437516915992009
1908,1.186866114791722e-05,0.021097851236938425,0.9788902801019138
1911,0.0007385222626312835,0.3033139442762315,0.6959475334611396
1916,0.004991813794612895,0.3273543301086314,0.6676538560967562
1918,8.244962191149369e-06,0.013788509716690227,0.9862032453211204
1937,0.0003828594704493517,0.7052809413419018,0.29433619918765086
1958,0.002633279568340399,0.42209448276496103,0.5752722376666968
1964,8.464532018636914e-05,0.20250041481464945,0.797414939865163
1966,2.7421810134001008e-05,0.4944546781949083,0.505517899994959
1969,7.745265422616142e-05,0.08822651885768207,0.9116960284880907
1975,0.004903033190945411,0.28829545636454346,0.7068015104445096
1976,2.2153316941411913e-05,0.143895272596487,0.8560825740865706
1986,0.010925105796293397,0.3127104719262926,0.6763644222774148
1987,1.3223939731985365e-05,0.4728568134456037,0.5271299626146652
1988,0.003710407246494562,0.28036929671184424,0.7159202960416625
2008,7.590238289810057e-05,0.12428717883008421,0.8756369187870159
2009,0.005435455827273476,0.4968826400683581,0.49768190410436836
2011,3.576146736500527e-05,0.08292669224038092,0.9170375462922556
2014,0.0019010561299304105,0.2148198562838215,0.7832790875862511
2015,0.00015189542259605576,0.1966286023091896,0.8032195022682164
2020,2.2543901287063367e-06,0.10966501728481075,0.8903327283250595
2021,1.873550377674993e-06,0.005758804852038973,0.9942393215975847
2030,0.030517170502930378,0.2979315871194704,0.6715512423775978
2032,2.819244552205172e-05,0.060322957251994616,0.9396488503024825
2040,2.9684152699142047e-05,0.26724170489802723,0.7327286109492729
2047,0.00018536606469705418,0.5258392375671737,0.47397539636813113
2051,5.151395977592827e-06,0.35802691367444534,0.6419679349295794
2052,0.00017208028235514422,0.16825191857650368,0.8315760011411398
2053,0.015147686049532101,0.27104169265643374,0.713810621294032
2054,0.0013979548738669264,0.26787633764817675,0.7307257074779553
2056,9.045912935290767e-06,0.023760977841726625,0.9762299762453399
2073,0.00017222672232403263,0.3054808501820293,0.6943469230956462
2075,0.019063899526468215,0.35422863869997717,0.6267074617735537
2076,0.01404400509078231,0.29094331729227585,0.6950126776169413
2089,7.20689590725285e-06,0.09621506768365877,0.9037777254204346
2094,0.001160383300209977,0.21837756955081153,0.7804620471489794
2095,0.0003608705926120405,0.3407591900009907,0.6588799394063984
2096,0.0028184443299031693,0.21064950333001278,0.7865320523400842
2099,8.869799914358139e-07,0.16881149725980202,0.8311876157602046
2100,6.567801401241154e-06,0.08295680942178349,0.917036622776817
2101,0.0036658907665220834,0.18597837818352872,0.8103557310499501
2102,0.01108941642168529,0.29690162962590533,0.6920089539524105
2104,0.007963580961964228,0.33692365710560795,0.6551127619324284
2107,0.00044115937160354025,0.4824964044129767,0.5170624362154203
2109,0.01124034075986384,0.259111024227836,0.7296486350123029
2113,8.173649002137105e-05,0.14064629268914045,0.8592719708208367
2122,0.004583829954654916,0.25077583631893474,0.7446403337264103
2126,6.4437573597479615e-06,0.02588413888263374,0.9741094173600031
2128,0.0025086049386495086,0.6248489638473612,0.3726424312139883
2138,2.787303912704557e-08,0.08057216558627459,0.9194278065406879
2140,2.4232263570096776e-05,0.7400114148440985,0.2599643528923296
2141,0.005075426452842465,0.3982534589655031,0.5966711145816552
2143,0.000137172454024004,0.4303057296327435,0.569557097913234
2146,0.003934624979112823,0.31427768568980863,0.6817876893310795
2150,3.338766388369369e-05,0.027619206972826903,0.972347405363291
2154,0.0032760493473867206,0.42811301419233555,0.5686109364602776
2155,0.006417009978714135,0.2867702632680105,0.7068127267532763
2156,0.00267542336085785,0.2454249393577941,0.7518996372813486
2160,0.00012560689752166788,0.44416069703295724,0.5557136960695216
2164,0.0007185030188259574,0.15002945160697315,0.8492520453742015
2167,0.00021580734476570686,0.31615126594690424,0.6836329267083309
2168,0.0021433041179402565,0.22519668172857682,0.7726600141534831
2183,0.0009890723789888751,0.3079237861350273,0.691087141485984
2211,6.3988164365021715e-06,0.34348523049003304,0.6565083706935333
2213,1.46846928568216e-06,0.023967199733748366,0.9760313317969622
2214,0.000285191312603581,0.061340181388593096,0.938374627298804
2229,7.39426881661032e-05,0.22824711112401788,0.771678946187815
2232,5.748183524591318e-05,0.14807523019607227,0.8518672879686795
2235,8.196196250808442e-05,0.4265609346164758,0.5733571034210163
2272,0.00010012283696081532,0.043498201859718644,0.9564016753033215
2285,4.37345111534395e-05,0.4659423266332015,0.5340139388556432
2292,0.0006309404702409214,0.26968892719211,0.7296801323376485
2296,8.78783918633385e-06,0.7184652356923504,0.2815259764684617
2297,0.046695121924141686,0.27629933406641366,0.6770055440094415
2302,0.00010305036228787964,0.07142288172577237,0.9284740679119418
2304,4.3432300507896565e-09,0.051477356843223396,0.9485226388135432
2309,7.634048898750981e-06,0.011823756724871133,0.9881686092262288
2360,0.0019090340731215654,0.25412857440197917,0.7439623915248987
2362,0.003042297854711534,0.2490481115462929,0.7479095905989965
2367,3.435382832847813e-05,0.4152819506935998,0.5846836954780728
2372,0.003863974564871218,0.2644006569733686,0.7317353684617617
2430,1.9933806054750816e-05,0.013577977084264769,0.9864020891096804
2435,4.5944234617261483e-05,0.793424166484193,0.2065298892811905
2437,0.004997033209637975,0.41520546920497137,0.5797974975853899
2438,3.6895329638433016e-07,0.06025349365785928,0.9397461373888422
2439,0.0006730195115598253,0.21995078982914673,0.7793761906592954
2446,1.9922151368706412e-07,0.037099794442301263,0.9629000063361861
2464,0.009369904161487518,0.26762357685940524,0.7230065189791063
2467,2.7655932512087366e-05,0.32010399890979424,0.6798683451576947
2468,0.002214798261542873,0.1412049119468739,0.8565802897915811
2472,2.045473953964416e-05,0.11000779970978815,0.8899717455506699
2484,2.408794075513083e-06,0.3770774477289627,0.6229201434769602
2486,7.50544016874875e-06,0.030304285723941792,0.9696882088358895
2490,9.685912409616335e-07,0.10549074159267328,0.8945082898160844
2505,3.7521411969186095e-07,0.11665978756188376,0.8833398372239959
2512,0.009085506198680428,0.32646447194214884,0.6644500218591698
2541,3.611510117307131e-05,0.05072732702035715,0.9492365578784692
2548,0.00585663513946609,0.3104509849764355,0.6836923798840988
2561,2.5068999419401517e-05,0.2099970265139013,0.7899779044866793
2575,0.009676629822217996,0.3390389558848586,0.651284414292922
2584,6.007799406923268e-06,0.17704847898075227,0.8229455132198406
2588,8.135387590263595e-05,0.7512404416950111,0.24867820442908553
2593,0.00503493881091578,0.2958618112624531,0.6991032499266298
2598,4.830990086364784e-06,0.015285215951467987,0.9847099530584483
2603,0.0017594028851960575,0.2451461485848098,0.7530944485299929
2604,0.010329321913440966,0.3050182875705252,0.6846523905160343
2626,0.0031541818375678578,0.1413809276940069,0.8554648904684293
2627,1.6552876945438927e-05,0.019827926470025764,0.9801555206530287
2628,0.004460809998689812,0.23487893179696423,0.7606602582043448
2641,2.109125439701376e-05,0.3497198709446284,0.6502590378009739
2648,6.402057836486655e-05,0.10165771680898245,0.8982782626126548
2654,3.4661212717329965e-07,0.048950537345065596,0.9510491160428075
2665,0.0006962953658428077,0.0958604979327636,0.9034432067013926
2669,9.955640782686966e-06,0.16884019081941348,0.8311498535398053
2673,0.0007342059488079203,0.3601967232089776,0.6390690708422156
2675,3.6241576320419916e-05,0.02641331826610335,0.9735504401575731
2677,8.441903384903803e-05,0.06457736391109727,0.9353382170550524
2678,0.012969964127956717,0.2781039003555656,0.7089261355164765
2718,0.003976473964768011,0.16789741703369254,0.828126109001539
2726,0.007727251879949573,0.30709556239350505,0.6851771857265465
2739,0.004489952341557684,0.45277536466412827,0.5427346829943139
2740,3.6673184808578412e-06,0.011997112697075473,0.9879992199844408
2744,1.2679531076056707e-05,0.5645201812393116,0.4354671392296107
2746,6.296841361872777e-05,0.26157821193618325,0.7383588196501981
2780,0.00010314547043396425,0.5505226054697676,0.4493742490597984
2787,0.00017139338780049836,0.04751518883147231,0.9523134177807266
2799,0.00010049308374123754,0.03325304992201431,0.9666464569942469
2810,3.4632506616112368e-06,0.12296115529171105,0.8770353814576278
2813,0.0020812225351729044,0.2890123628743737,0.7089064145904527
2822,0.0002667350543689,0.44347666918447803,0.5562565957611535
2826,0.004321390329669999,0.3953905685806744,0.6002880410896553
2841,7.783392900872391e-07,0.023091868568466362,0.9769073530922413
2850,0.0013857729056891898,0.32054238949868086,0.6780718375956285
2851,0.030997399315502442,0.2464978118016818,0.7225047888828178
2856,0.01994090126702372,0.2836551048747333,0.696403993858243
2862,0.0022201497482151576,0.15799496192812043,0.8397848883236623
2883,1.1570464192493701e-05,0.09675237940146007,0.9032360501343476
2884,0.00012321604525857528,0.467124943165855,0.5327518407888884
2905,8.80838419474956e-06,0.4353911960281546,0.5645999955876497
2912,1.5588878515903103e-07,0.21813940435192739,0.7818604397592896
2919,3.572066967194173e-05,0.00955660233733364,0.990407676992996
2922,0.0016243076480661918,0.3816659105082262,0.6167097818437075
2956,3.217652968711557e-06,0.009320302272221795,0.9906764800748088
2963,0.004295821334620197,0.26542761976596546,0.7302765588994162
2964,0.0004418279853125159,0.5126398977264095,0.48691827428827744
2965,0.0025507025577518397,0.24783328724856668,0.7496160101936789
2976,0.003909069798741102,0.24029960587620525,0.7557913243250548
2977,0.0014539313075836685,0.20202745774416156,0.7965186109482552
2998,0.004250854963105692,0.2622954908894966,0.7334536541473985
3001,1.2849834592844601e-06,0.055122147989441504,0.944876567027097
3035,4.417045232741603e-05,0.013573211098516568,0.9863826184491552
3044,1.9285973889790365e-07,0.053031288256109525,0.9469685188841526
3061,0.0005324348772306203,0.17107991308928322,0.828387652033485
3073,0.0010551355996051808,0.2544246398105902,0.7445202245898032
3086,3.353415321356269e-07,0.07489188562470271,0.9251077790337652
3087,0.008105860089612829,0.2784669406619225,0.7134271992484634
3089,3.273377702581886e-05,0.03554735786013247,0.9644199083628419
3096,0.0011147758338419882,0.27932446271168543,0.7195607614544743
3101,0.0020697408668184426,0.2662459145698128,0.7316843445633696
3105,0.00022558506096472385,0.12119433210999143,0.8785800828290456
3131,1.934996886804746e-05,0.14461897963246562,0.8553616703986671
3176,8.498073403634314e-06,0.01987151760406384,0.9801199843225336
3198,2.1707263606649528e-06,0.12260531541818258,0.8773925138554575
3244,1.4936322169594576e-05,0.5360202341796848,0.46396482949814477
3266,0.0005594266380887481,0.17265278260536496,0.826787790756551
3273,1.964570911019058e-05,0.030581362782704177,0.969398991508184
3279,0.00033750037533857556,0.3277031208682966,0.6719593787563648
3291,0.006260944521630178,0.3437864875965824,0.6499525678817849
3293,0.0008491379224828135,0.33687010428305336,0.6622807577944638
3302,1.6010425232164863e-05,0.49775150919436817,0.5022324803803981
3303,0.0004043638289511905,0.37868880536744154,0.6209068308036073
3304,3.696170041672972e-05,0.21033309271007777,0.7896299455895062
3310,6.659085523178499e-05,0.1810812007379971,0.8188522084067706
3311,1.7988973663455427e-06,0.11479194359097397,0.8852062575116632
3313,0.0033420299559968857,0.3263613852634794,0.6702965847805235
3317,0.0001469625642517551,0.5315672136389104,0.468285823796839
3331,0.00028780134448088914,0.43488886450265885,0.5648233341528581
3333,0.0030338855350775886,0.25119109466407114,0.745775019800851
3349,6.391709757963296e-05,0.36922483450081056,0.6307112484016109
3350,5.169537222467911e-05,0.5008656286815281,0.49908267594624744
3352,0.0003759417154769324,0.4698220859003463,0.5298019723841781
3360,0.00010076626465046574,0.5053545574932896,0.4945446762420598
3376,7.259911306792902e-05,0.2136880624496418,0.7862393384372891
3379,0.00516669694311065,0.47000101703896324,0.5248322860179282
3390,2.4624928996766774e-07,0.025502727751765163,0.9744970259989448
3391,1.0847330175788521e-05,0.03002172916182693,0.969967423507995
