ID,BART_weight,HBNN_weight,GP_weight
KIC3432992,0.006820575034352027,0.41185322945007474,0.5813261955155739
KIC1864183,0.004102194454277953,0.3804832382506739,0.6154145672950485
EPIC210683150,0.00010899682248486992,0.013526369751865167,0.9863646334256483
KIC9589060,9.577776073480883e-06,0.226008631550584,0.7739817906733409
KIC7616655,0.008537515451189765,0.5682640930660218,0.42319839148278743
EPIC247047052,0.0013486324231430514,0.2328929600587418,0.7657584075181155
KIC9968249,0.00330828956753616,0.315774965180517,0.6809167452519447
KIC6612480,0.0026294796513326316,0.5639630967230693,0.43340742362559986
EPIC248568868,5.726446184726981e-05,0.37610211098485175,0.6238406245533012
EPIC246377577,0.00027264763911557025,0.17397327608561342,0.8257540762752695
EPIC210984048,0.00017622680780914014,0.17142658804760244,0.828397185144586
KIC8558329,0.00044490167729088076,0.327486676742423,0.6720684215802839
KIC6803104,4.984391727437363e-09,0.1536317654359172,0.8463682295796897
KIC9026209,1.809849681597788e-08,0.1433965882109688,0.8566033936905345
EPIC210435152,8.060966934442463e-06,0.09824225253538196,0.9017496864976838
KIC5856737,0.0002733639850592199,0.03585823700469951,0.9638683990102415
EPIC212134953,0.0262438467074707,0.39983383340575757,0.5739223198867724
KIC9116434,3.0140231562276725e-05,0.053375427891381874,0.9465944318770559
KIC9880457,0.013338960366978878,0.3925286985697189,0.5941323410633036
KIC8328668,0.004137477076831353,0.26237956978375676,0.7334829531394114
EPIC210474556,0.0003524390587367099,0.4511931089226801,0.548454452018585
EPIC211888522,0.003175524934394195,0.2496988790297122,0.7471255960358946
KIC11407805,2.1193371517910764e-05,0.02493852262101715,0.975040284007463
EPIC204198376,5.854148885546358e-05,0.2974338354652669,0.7025076230458757
EPIC211439170,0.004861027661949645,0.15258548096955904,0.8425534913684902
EPIC212593364,0.0006125702217746671,0.027823648482959328,0.971563781295266
EPIC212028009,0.00309165044223491,0.06737998685378048,0.9295283627039849
KIC7667757,0.00306447138263002,0.45985101463583017,0.5370845139815406
KIC9692954,0.0003098912561712901,0.26451160038249094,0.7351785083613368
KIC4671204,2.667768148803746e-05,0.3329374480947931,0.6670358742237187
KIC7587773,0.0039006324938934437,0.22625178242958421,0.7698475850765223
EPIC213460379,0.001328885932952253,0.09291814660665854,0.9057529674603879
KIC8738333,0.010649934306931749,0.3991695655108271,0.5901805001822388
EPIC211974234,0.013030756148379332,0.34141629787112643,0.6455529459804937
EPIC210446038,1.701984981489014e-05,0.02646662172584811,0.9735163584243386
EPIC210746719,0.0003050798748227295,0.039077927118551146,0.9606169930066265
KIC7429237,3.46343395564048e-11,0.4512146672468911,0.548785332718474
EPIC206156731,0.02371082969361573,0.5254363603027654,0.4508528100036197
KIC7430868,0.01724758340254368,0.4839857605621896,0.49876665603526654
EPIC212461950,0.008485724923355215,0.45720117862329396,0.534313096453351
KIC6212708,0.0006290927160968037,0.4830504687834552,0.5163204385004471
KIC11554144,0.0028133207402618932,0.5300163487833724,0.46717033047636375
KIC7732255,0.043483365416209695,0.4308552015974292,0.5256614329863617
EPIC210410854,1.2553016165495554e-05,0.27843827805323,0.7215491689306048
KIC9995162,0.008120036433454868,0.3835369288888343,0.6083430346777099
KIC11667420,0.00021599595961281856,0.3355740446230666,0.6642099594173194
KIC8683589,8.068122054797114e-08,0.6504756992861785,0.34952422003260064
KIC5176709,0.009621322004405821,0.29213143012900067,0.6982472478665931
KIC11759700,0.0020130252248317044,0.27649314989742707,0.7214938248777409
EPIC246405331,0.00137850592282798,0.15809783198912572,0.8405236620880455
EPIC220631425,0.00010591358673083247,0.20686640423883887,0.7930276821744305
EPIC212627232,0.00021450060587928916,0.04316550804423278,0.9566199913498883
KIC8524315,0.007423980178277868,0.17270067949039183,0.8198753403313307
EPIC211413430,0.001100877069429468,0.4155994719209023,0.5832996510096684
EPIC210658376,0.0010345392914974628,0.11659421401414836,0.8823712466943543
EPIC246234071,0.002482443506941089,0.29137195554447726,0.7061456009485807
KIC12251438,1.7491509366481604e-07,0.7616371286008085,0.23836269648409936
KIC8350645,0.011579731172434618,0.36528529552225736,0.6231349733053088
EPIC210749402,0.000408121685233233,0.028823472548097515,0.9707684057666673
EPIC220447896,0.027354674340383228,0.12622981496828298,0.8464155106913357
KIC3861797,0.00014289857211797417,0.11196938363539928,0.8878877177924829
EPIC210700361,0.001973532142398064,0.11431025373710957,0.8837162141204915
EPIC211658621,0.009062224129155494,0.31883345194323714,0.6721043239276062
KIC9899421,0.00017740495769430194,0.3924875361968501,0.6073350588454571
KIC5525400,0.005613366851077111,0.4032398636789558,0.591146769469968
KIC5610212,0.005998553719281662,0.1838733155904158,0.8101281306903048
KIC6425089,0.000183540229864847,0.22519270207034822,0.7746237576997888
KIC9887609,0.000631971405796353,0.15348335691255624,0.8458846716816489
KIC6879252,0.0028527940009928777,0.45880845415816013,0.5383387518408467
KIC11033569,4.520757796562416e-05,0.07488205736616048,0.9250727350558736
KIC7040879,0.005347676867903102,0.5332793277931054,0.461372995338992
KIC8082339,0.0001387088775929901,0.5882708243777764,0.4115904667446299
KIC9692529,0.0031637231955148103,0.27215353721826147,0.7246827395862222
KIC11810190,7.627097385749807e-05,0.42495440284429914,0.574969326181843
EPIC212166707,0.12812853574619645,0.37586980678601334,0.49600165746778996
KIC7543672,9.456089695417741e-05,0.2549322487273843,0.7449731903756629
KIC3103827,0.0043088606896018716,0.6993137295897888,0.2963774097206124
KIC5350351,0.00022441218475108773,0.16916480492230726,0.8306107828929421
KIC9350031,0.005424931997789582,0.6257516062382984,0.3688234617639141
EPIC210837904,0.002229942737211332,0.4533857451519036,0.5443843121108869
KIC6939158,0.00011758679674800504,0.30802342056796017,0.6918589926352893
KIC11415061,4.299871405616766e-07,0.20981362894368352,0.7901859410691794
EPIC212469827,7.566100997146863e-05,0.16291974945962448,0.8370045895304035
KIC7871690,0.006407894141747168,0.37398541755355946,0.6196066883046928
KIC2972876,0.0004538933920454397,0.3030024214425747,0.6965436851653797
KIC8690175,7.429346203103383e-08,0.22080232712392656,0.7791975985826115
KIC2018392,0.0038056776652819597,0.37520776744397993,0.6209865548907374
KIC6304664,1.36177472468056e-05,0.455429494027167,0.5445568882255865
KIC4066278,0.00048706657161690016,0.13421009990231156,0.8653028335260725
KIC6698720,0.0007788688070554235,0.36925734209471683,0.6299637890982294
EPIC206194285,0.0004179567428998128,0.3631103382891081,0.6364717049679914
EPIC205958354,0.00046170657229136056,0.1325426901542199,0.8669956032734893
EPIC220176759,0.00046086780847210134,0.472640169665438,0.5268989625260899
KIC7270385,0.00010995078601968203,0.2629202396025305,0.7369698096114481
EPIC246218278,0.0015036574233838747,0.5704188461116291,0.4280774964649861
KIC4738308,0.020467882891927882,0.3822787604400411,0.5972533566680307
KIC5514024,2.5140226427071384e-05,0.06284000382156893,0.9371348559520022
KIC10937071,3.69190630142329e-05,0.02321535676930111,0.9767477241676862
KIC5623794,1.8813077720888522e-07,0.30447160259398215,0.6955282092752421
KIC8557457,1.6001642044808688e-05,0.6378792436352341,0.36210475472272013
KIC6590195,0.0003665776868808065,0.0840934698390495,0.9155399524740686
KIC5284948,0.00020695299609082844,0.06824258616273537,0.9315504608411744
KIC10407047,0.0004054777683007246,0.09434898009099967,0.9052455421406985
KIC7810708,1.4987616764762683e-05,0.19245063530458786,0.8075343770786481
EPIC248554817,4.0554717034333725e-06,0.044794059161653764,0.9552018853666429
EPIC210850780,0.00016326822731395373,0.0947492961906128,0.905087435582071
KIC4348513,9.300656646424882e-05,0.39578280446117525,0.6041241889723602
EPIC205985980,0.001926181071021106,0.5557896328737241,0.442284186055254
EPIC206051624,0.00025715875591583747,0.24212790152271607,0.7576149397213693
KIC7610636,0.029750600277590755,0.3398676836860685,0.630381716036342
KIC9076584,0.00021946287451189895,0.0925824495348634,0.907198087590626
KIC6264743,8.516899209573472e-06,0.2919933297169903,0.7079981533837989
KIC2832426,0.03448779938266738,0.35127790346476795,0.6142342971525652
KIC9658002,0.000992298359747104,0.4756755680070388,0.523332133633215
KIC11204531,0.001856207713288563,0.3776982031099224,0.6204455891767888
KIC10547575,0.00040646146688416056,0.384625689227696,0.6149678493054229
KIC9787045,0.0029857369340741536,0.37420970419752836,0.6228045588683966
KIC10383368,0.032500243056521105,0.5617434864576009,0.4057562704858803
KIC10815204,6.464590108748338e-08,0.5524416396370301,0.44755829571707
KIC10067407,0.0013243793609998855,0.4822679765316295,0.5164076441073702
EPIC205912715,5.522850801179431e-05,0.021903326506033292,0.9780414449859555
KIC11145974,0.0006385046783934339,0.37776372638512157,0.6215977689364839
EPIC201833846,0.007199094936584982,0.3869687571220516,0.6058321479413608
KIC10213610,0.039000053482319455,0.39191382959215343,0.5690861169255282
KIC8223068,6.692428776047598e-06,0.46482254571027654,0.5351707618609487
KIC10989961,0.001990604076413091,0.44162765665068326,0.5563817392729039
KIC12168406,3.400537240029412e-05,0.3115158192056263,0.6884501754219761
KIC5384777,2.7944364547362155e-05,0.017641051821423608,0.9823310038140293
KIC2696115,1.1576122738383065e-06,0.15503092282969766,0.84496791955803
KIC12258572,6.360797964505779e-07,0.40030997271300484,0.5996893912071959
KIC8489118,0.028894971221740395,0.36742311254587245,0.6036819162323903
EPIC245924645,0.008339513992569193,0.23646857287446904,0.7551919131329612
EPIC248876801,0.00016610648926070791,0.046389123412069556,0.953444770098669
KIC5478192,0.005668755633746693,0.4323095393646069,0.5620217050016464
KIC11200383,0.00019018088626866612,0.098144184535301,0.9016656345784305
KIC6209377,0.04464110446157584,0.40003514383518035,0.5553237517032416
EPIC210942953,0.0007340626054309661,0.2515912165752536,0.7476747208193143
KIC9080407,0.010333420432672437,0.3805919196868975,0.6090746598804304
EPIC201682980,0.0044353920066142515,0.12344186732069991,0.8721227406726857
KIC7670489,0.0006165960621034655,0.5550590621967908,0.44432434174110735
EPIC211740473,0.02466049404611412,0.5821827647626696,0.3931567411912158
KIC11136049,0.00015337005791501434,0.15189394955532254,0.8479526803867616
KIC4067825,0.011285533637965648,0.5829371112899695,0.40577735507206325
KIC3855039,8.818780043007705e-05,0.34039049503903784,0.6595213171605318
KIC2437507,8.214680427981698e-08,0.2591577642166461,0.7408421536365529
KIC9430786,0.022948096610747357,0.35577681188511323,0.6212750915041395
KIC5446355,1.193950961004701e-06,0.20605441813104572,0.7939443879179936
KIC5175172,0.000195385551033865,0.5058835635218873,0.4939210509270782
KIC9512426,0.017154430038503674,0.5036140249926493,0.4792315449688481
KIC7449151,0.00044600474102377875,0.0720142551000377,0.9275397401589388
EPIC210575071,0.01732415970456082,0.3520267015374185,0.6306491387580204
EPIC210366266,0.08909107893093271,0.40525766913998074,0.5056512519290874
KIC7428624,7.414196920740822e-07,0.3001564826049554,0.6998427759753536
KIC8510483,2.9680228214331188e-05,0.292958953394412,0.7070113663773737
KIC3424072,0.00022042259150541272,0.11061028141645984,0.8891692959920344
KIC9823871,0.000914368266390868,0.6820525987999597,0.31703303293364815
KIC3222740,0.03697009781288241,0.4315966718165444,0.5314332303705728
EPIC206107394,1.0755510900527363e-05,0.00946320303429697,0.9905260414548009
KIC10122158,0.00012099223279427096,0.04711402696801986,0.9527649807991866
EPIC220622778,0.0006759145835943809,0.6051437341908876,0.3941803512255186
EPIC246280671,1.0990123430509025e-05,0.33054702719830825,0.669441982678259
KIC5641322,0.000229053736908649,0.25897323673120975,0.7407977095318801
KIC6752140,0.0002813801752827287,0.7130627847779422,0.28665583504677383
KIC9784687,0.0009563249615369951,0.5749700962177233,0.4240735788207393
EPIC212873074,0.0015397766680907664,0.6400152563925915,0.35844496693931466
KIC5881531,0.016818287615985465,0.35838069288107177,0.6248010195029424
KIC11498178,3.900912505235535e-05,0.030931633894413033,0.9690293569805328
KIC11353223,0.0018999620575251837,0.3451135309833713,0.652986506959104
KIC3337740,0.0006383205370679101,0.23069790709027557,0.768663772372657
KIC11670968,0.0022004393134496497,0.6884086875381676,0.30939087314838226
KIC11097749,0.026230239237293854,0.40296041481997563,0.5708093459427325
KIC12217017,0.00034826372643659043,0.14686842670094288,0.8527833095726204
KIC6114108,6.867372304830944e-05,0.06593620488774898,0.9339951213892025
KIC9228331,9.282743860507187e-05,0.4161458591404017,0.5837613134209922
KIC6937017,0.0034033410277068635,0.5459553355470969,0.45064132342519686
EPIC211513322,0.04913730487115477,0.31487479213954433,0.6359879029893005
EPIC212704676,0.02798201645060733,0.1619087713167482,0.8101092122326449
KIC7212148,0.0621543777452087,0.4519203043290081,0.48592531792578303
KIC12264780,0.00030834377498476515,0.040547285274513636,0.959144370950504
KIC3972675,3.388235695241831e-05,0.36946768104483274,0.6304984365982153
KIC4931389,1.3480446100867888e-05,0.02048936881909627,0.979497150734802
KIC3248697,0.014004920478593147,0.5453200835567092,0.4406749959646957
KIC4818593,0.009181296162674992,0.2368042775902953,0.7540144262470323
EPIC247419145,0.00023982007506523942,0.1181045131892249,0.8816556667357075
EPIC213762399,0.0043524551879085575,0.152718269310951,0.8429292755011368
KIC11127981,0.008893601670347721,0.3529768701406681,0.6381295281889842
KIC6037363,0.03020348659656092,0.48641271661019536,0.48338379679324445
KIC9519335,0.03168417013447675,0.3761282621525426,0.5921875677129795
KIC8145152,1.82490248819866e-05,0.2876228753270549,0.7123588756480617
KIC11910249,0.0008524073411434919,0.5770571725133723,0.4220904201454821
KIC10159217,0.008475303724184133,0.3784874128509463,0.613037283424872
EPIC212341571,0.010786669350254897,0.22124569311685885,0.7679676375328848
KIC7908109,0.00018640756236107216,0.7012335124556105,0.2985800799820298
KIC5112948,0.004184166106898772,0.24968562955222875,0.7461302043408724
KIC3425044,0.017488806176549323,0.45870041954122703,0.5238107742822223
KIC10003349,0.03149455029917367,0.39831637521925695,0.5701890744815689
KIC4565852,0.00011656033002720283,0.022911123415436094,0.9769723162545351
EPIC210830419,0.005768837462374934,0.334946756811705,0.6592844057259195
KIC10670445,0.001586177552139742,0.3939285544501464,0.6044852679977138
KIC4349133,0.0007631966439961747,0.3214862742341177,0.6777505291218852
KIC10555186,9.980963965001846e-05,0.06987270314598865,0.930027487214361
KIC4060615,0.035123074185776794,0.3799561188046463,0.5849208070095769
KIC8108732,0.0015030187121745193,0.07643156236966513,0.9220654189181633
EPIC213680013,0.0074480472669690885,0.3756281665204862,0.6169237862125444
EPIC247763355,0.00012846812501833625,0.2916730986933874,0.7081984331815934
KIC8098590,0.0013662240903013123,0.20928490138641234,0.7893488745232864
KIC8561216,0.0006429566362656205,0.30989112611751,0.6894659172462257
KIC7434436,0.0010664809062729745,0.3546908609486713,0.644242658145054
KIC8806231,5.272379580108358e-08,0.2128889817240042,0.7871109655522021
KIC5283733,0.000980744488933551,0.35911792815955773,0.639901327351511
KIC11667266,0.009392494060574245,0.4850245963079565,0.5055829096314688
EPIC220295541,0.042998276610724764,0.18038316605436971,0.7766185573349074
EPIC211832927,0.07781778085512896,0.29065168274624675,0.6315305363986218
KIC12022176,0.0013077087038390518,0.18013658841686508,0.8185557028792974
KIC4913049,7.500058487227834e-05,0.020507167641868822,0.9794178317732569
KIC5960552,0.014522958744298193,0.6161077078049213,0.3693693334507811
KIC10990113,7.258664670949516e-05,0.2865444623690523,0.7133829509842383
KIC10610250,3.588102395188728e-05,0.026516586161324417,0.9734475328147243
EPIC248443632,0.00017534923827342843,0.1822406193500577,0.8175840314116674
EPIC201391243,0.0008750705153164037,0.6693380777455661,0.3297868517391164
KIC4920600,0.005657884628312018,0.1215679506869676,0.8727741646847189
KIC11498043,1.3700784349265007e-05,0.6876562268021669,0.31233007241348504
KIC11196191,4.358257966737655e-07,0.24085947372672112,0.7591400904474813
KIC10792801,0.015530481718691494,0.42839554198728347,0.5560739762940234
KIC4037216,2.8810657566994782e-06,0.4143820042500469,0.5856151146841982
EPIC214844865,0.002275576091922124,0.23990900637970747,0.7578154175283696
KIC11555266,6.328915225168322e-05,0.027004862492461063,0.9729318483552857
KIC12783669,0.0025077507233143555,0.7314888042099654,0.2660034450667195
KIC7048889,7.938026779039914e-05,0.6169882572122704,0.3829323625199393
EPIC211558985,8.135209372784491e-07,0.038243665535227025,0.9617555209438361
EPIC211520807,1.661611063536308e-06,0.2857021964913258,0.7142961418976108
KIC12070670,0.005221514602376041,0.3018189511878436,0.6929595342097807
EPIC210678869,0.003232270568879427,0.16472442329986384,0.8320433061312564
KIC10921388,0.0003100135237467019,0.35714385726663866,0.6425461292096143
KIC9352682,0.004813211132778657,0.3501077138725618,0.6450790749946596
EPIC203840857,0.00025571258271256153,0.4161664798924432,0.5835778075248454
KIC9214512,0.0034317554394215567,0.15626336020139728,0.8403048843591803
KIC9775302,0.00012656939359035458,0.15551836510945577,0.8443550654969513
KIC5350163,0.0032461379726589764,0.3643066805374321,0.6324471814899103
KIC9579401,3.16555095271614e-06,0.45657948673876797,0.543417347710278
KIC10910674,0.010394599875195167,0.34143591103122506,0.6481694890935787
KIC7880596,0.00021389944223634068,0.06239376194318322,0.9373923386145812
KIC8827659,0.0067594028191390486,0.278256398514105,0.7149841986667536
EPIC211627934,0.00011197573640491354,0.024540466137137836,0.9753475581264565
EPIC220585559,1.5215935779636543e-05,0.15787894256623888,0.8421058414979811
KIC8737032,0.05600745909044615,0.3781394467491982,0.5658530941603548
KIC10709049,0.0008689605360746586,0.2515338273762275,0.7475972120876992
EPIC212138434,0.00027731306067367226,0.2286433034752353,0.7710793834640919
EPIC228790420,2.753135795647594e-05,0.6140480967068674,0.38592437193517676
KIC9205705,0.000144848142265088,0.40650400673899956,0.5933511451187339
KIC4731125,0.0098446842456692,0.4185591010677983,0.5715962146865314
KIC4756746,3.950258178881572e-05,0.051425953815763384,0.9485345436024468
EPIC220476284,0.0007080772649364756,0.6685141729371854,0.3307777497978787
KIC11243761,4.1556542258132784e-07,0.3737545538434087,0.6262450305911675
KIC7501667,2.1103669662617335e-05,0.013927320444717162,0.9860515758856218
KIC11621486,0.0005335633656813156,0.40240089486057945,0.5970655417737393
KIC11097853,0.0007361796669975563,0.3045439116490835,0.6947199086839188
KIC10318734,2.3449680074569283e-05,0.043240928439397155,0.9567356218805269
EPIC229039250,1.8393054571189388e-06,0.027802162713843115,0.9721959979806993
EPIC213667472,0.02819651041257302,0.4789211237665566,0.4928823658208702
KIC6115065,1.1602996829408383e-05,0.30117839743161595,0.6988099995715555
KIC8609482,4.080327221327778e-05,0.02423984986048462,0.9757193468673022
KIC5300767,0.00475074893692314,0.3706388186084632,0.6246104324546127
EPIC210483125,0.007398168172912011,0.41474608459273776,0.5778557472343481
KIC8055108,0.001209309663267091,0.5261778836759563,0.4726128066607767
KIC8091492,0.0031092800468060953,0.2761970556331837,0.7206936643200058
KIC1867706,0.0008923700140434922,0.2607212475986339,0.7383863823873216
KIC5773045,8.877633050497374e-05,0.3172256955445996,0.6826855281248965
KIC7957918,0.01433726588315069,0.3934540114088414,0.5922087227080091
KIC10297802,0.00023661670037986295,0.24632186698541414,0.7534415163142074
KIC2424822,0.004026330232584136,0.3580148655080219,0.6379588042593923
KIC4914456,0.00021873626294438588,0.26868051737644566,0.731100746360611
KIC9205663,0.040833709316738784,0.35780347451996963,0.6013628161632898
KIC5636540,0.007539026513933061,0.28814151063759547,0.7043194628484712
EPIC201508675,0.005318104691879115,0.4958901521937494,0.49879174311437074
KIC7187059,0.01981886250228539,0.4391943713244507,0.5409867661732621
KIC3455760,0.008186084831966136,0.5063364217907067,0.48547749337732793
KIC3942667,0.0001194426925345081,0.4387414545361674,0.5611391027712969
KIC10011329,0.005713722129493178,0.3236127424749581,0.6706735353955476
KIC9965354,0.0029064305836941045,0.3824020489590401,0.6146915204572645
KIC5370902,0.0002867112023208806,0.09037086969102968,0.9093424191066465
KIC9847922,0.0015463013925522747,0.27099900985759,0.7274546887498591
EPIC211952120,0.0034056777837270236,0.18541446837543676,0.8111798538408381
EPIC211623043,0.010873991336954079,0.07467780194976378,0.9144482067132839
EPIC206112361,3.430237201261473e-05,0.29567330157817495,0.7042923960498115
KIC11410478,2.442102923470555e-06,0.22018777921353758,0.7798097786835415
KIC11805876,0.00017769784781346016,0.21348143665605837,0.7863408654961265
KIC10053392,3.329927315012828e-05,0.10688205662374596,0.8930846441031032
KIC8389696,3.4639187467958534e-05,0.2501896377668453,0.7497757230456874
KIC11342308,0.038098250393788634,0.2568001574066982,0.7051015921995133
KIC8408920,9.390638235917968e-08,0.3587902712297381,0.6412096348638798
EPIC211798212,0.0012230316766260834,0.44274870479280526,0.5560282635305689
EPIC201799242,0.0066510343408585516,0.5855994169581141,0.407749548701026
EPIC220604668,0.013341901458490048,0.1637707120985922,0.8228873864429167
EPIC210512573,0.009805123612428551,0.6074324790258724,0.38276239736169726
KIC9292180,0.0016637184989833369,0.32699065263181404,0.6713456288692015
KIC6262867,0.00020245508938662363,0.5544282176216014,0.44536932728901163
EPIC206062541,1.0457708772202711e-05,0.0885715653026519,0.9114179769885757
KIC8366239,0.00019861433869644207,0.108234905642374,0.8915664800189294
KIC1718046,1.3823264924664757e-06,0.20145969281279735,0.798538924860709
KIC3964004,4.121179065608632e-06,0.401232841449825,0.5987630373711067
KIC8234900,0.0001262728086818647,0.040473537710330944,0.9594001894809879
KIC4831888,0.01747497065204753,0.48611633215893607,0.4964086971890145
EPIC206024119,5.610258619385329e-06,0.2644154140508155,0.735578975690563
KIC11515377,0.00013544356177508908,0.06591982859598045,0.9339447278422454
KIC9265513,0.008362582348980751,0.6431747829522669,0.3484626346987538
KIC6630816,0.00014260044895139643,0.07341461373252654,0.9264427858185226
KIC11650039,1.9332626105506386e-06,0.501978495955513,0.49801957078187664
KIC6201050,0.17836729164029236,0.3792858594220283,0.4423468489376792
KIC6757332,0.04982835697752468,0.32738330186391085,0.6227883411585629
KIC9027871,0.00102528195561567,0.28521630225018973,0.7137584157941963
EPIC220160411,0.002889015435914495,0.5396333858562051,0.4574775987078764
KIC5785268,0.0013796366201605096,0.11741104464768737,0.8812093187321481
KIC6352802,0.01550616674246201,0.38926658876207193,0.5952272444954657
KIC8689478,4.8857368505783866e-09,0.18278542585192178,0.8172145692623436
KIC9084314,4.388389707200588e-05,0.5749797295494531,0.4249763865534762
KIC11136139,0.001907754207249723,0.49930211804218544,0.49879012775056597
KIC7375225,0.000298929105960764,0.10880441320791555,0.8908966576861224
EPIC246135285,0.0024384989477245567,0.48042830573979556,0.5171331953124795
EPIC212018792,0.02953942409504949,0.11729863757983866,0.853161938325113
EPIC210943549,0.0007676882819210168,0.12244395671030059,0.8767883550077797
KIC6838420,6.440878649559438e-07,0.2874878321562948,0.7125115237558411
KIC9852625,2.696915389889367e-07,0.5892582249124056,0.410741505396054
KIC11358669,0.0019996006144820614,0.26483375963572126,0.7331666397497952
KIC6849932,8.269912021625774e-07,0.4700809750063522,0.5299181980024463
EPIC245968556,0.00013607013116880107,0.019500258628033177,0.9803636712408
KIC9550045,0.0002994343608583483,0.23613521380973446,0.7635653518294067
KIC11905997,0.007106431494764179,0.42568083403212015,0.5672127344731169
KIC9405555,7.2840730158448556e-06,0.4690984280032084,0.5308942879237755
EPIC229030405,0.00038465328647306683,0.11668766413733676,0.8829276825761911
KIC3968402,0.004300319459351302,0.4446292697040352,0.5510704108366133
KIC8612520,0.0069480465775394774,0.2890312704949218,0.704020682927539
KIC6521069,1.1695060739469903e-07,0.2643027419725177,0.7356971410768738
KIC4912918,0.005394764927256858,0.1353639820624235,0.8592412530103201
KIC10597648,3.698580280613904e-06,0.2914745804930479,0.70852172092667
KIC3940854,0.0003012089811104297,0.29533350312623574,0.7043652878926544
KIC12167366,0.0002513680719820736,0.5130709182186831,0.48667771370933494
KIC4662188,1.7959378447977114e-05,0.29739070854651134,0.7025913320750414
KIC6287184,9.23810386255704e-09,0.17605859919744055,0.8239413915644547
EPIC246906908,0.029925683522771213,0.2765580569049109,0.693516259572317
EPIC220260779,9.078551239224705e-05,0.6153053834386223,0.38460383104898577
KIC9837287,0.009518649317756698,0.4509940212683969,0.5394873294138463
KIC10198207,1.1367042094814989e-05,0.1577516136956876,0.842237019262219
KIC10669234,0.0020367631999545508,0.22060719762056416,0.7773560391794843
KIC8015956,0.0027669602026538136,0.6919858348278738,0.30524720496947094
KIC12506577,9.940520304305382e-06,0.38392072688021844,0.616069332599478
KIC5266369,0.0002426396318297702,0.3625285145666079,0.6372288458015614
EPIC211597906,0.00022993673106745576,0.08933210372492675,0.9104379595440071
KIC6678433,0.001944626610652911,0.1998427883039852,0.798212585085362
KIC7374869,0.0002834058228392797,0.09307215515595095,0.9066444390212094
EPIC206095980,0.0006908345236820424,0.06471826394169931,0.9345909015346188
KIC9279486,0.000160886610201728,0.0659025361335902,0.9339365772562057
KIC9575821,0.0005272828450837789,0.1108856033478626,0.8885871138070549
KIC7257673,0.0006707956729709865,0.19752975841347112,0.8017994459135586
KIC9508346,2.16586173489796e-07,0.414582995677565,0.5854167877362616
KIC7729364,0.008838962781865455,0.565596049264033,0.42556498795410186
KIC5034206,9.319406613529944e-05,0.04043444869419257,0.9594723572396717
KIC8619048,2.9427080101568673e-05,0.35483927445676927,0.6451312984631286
KIC9326421,0.018038767635881067,0.32156631458919155,0.6603949177749282
KIC11180779,0.006511673246129601,0.18290171611654457,0.8105866106373243
EPIC213469675,0.005455981552714913,0.5048793147595494,0.48966470368773723
KIC6607275,3.443075491013309e-05,0.23699799836643037,0.7629675708786577
KIC6925082,9.318866927011328e-05,0.3535015332707688,0.6464052780599616
EPIC211693712,1.6058484054648677e-05,0.1183497213042284,0.8816342202117197
KIC8377500,0.0004978050216268834,0.29514262714651684,0.704359567831857
KIC7756859,1.4288645183241311e-05,0.5418415620623376,0.4581441492924802
KIC10722175,0.000490754146549954,0.1196273023301534,0.8798819435232934
EPIC211690698,4.4806171675146935e-05,0.3271386064807414,0.6728165873475846
KIC8459156,3.4928895627944548e-09,0.1795398272408563,0.8204601692662542
KIC4750456,0.09883612960839358,0.5148010286892593,0.3863628417023459
KIC6860650,0.006188767412378765,0.3446705441994699,0.6491406883881508
KIC3760843,0.0004060264059975817,0.2845228952853165,0.7150710783086872
KIC10426331,8.37069821326418e-05,0.3662310490049469,0.6336852440129207
KIC6776335,0.10567343539804575,0.43632325717343556,0.45800330742851764
KIC2989746,7.310560961407809e-08,0.23860613088383276,0.761393796010557
KIC7898413,0.01269654092893524,0.3185756701104198,0.668727788960649
KIC8115488,0.00026635198096825667,0.05784650206971809,0.9418871459493144
KIC5254812,0.0010121455480424481,0.337088276549054,0.661899577902902
EPIC220304159,0.0069159908003279934,0.11693248338920395,0.8761515258104668
KIC9265119,6.607861030333021e-06,0.485126354050248,0.5148670380887198
KIC11091445,5.81130254941347e-06,0.03596601214397425,0.9640281765534764
KIC4269096,1.8003240281414198e-06,0.3087098176112456,0.6912883820647266
KIC3239707,0.0005857683920555148,0.30487028112768594,0.6945439504802587
EPIC212479153,0.004162152744319226,0.17824390700417578,0.8175939402515062
KIC5295280,6.807095506680214e-06,0.024186294366979836,0.9758068985375143
KIC5780614,8.626955222312732e-05,0.06471979637704516,0.9351939340707311
KIC6023638,0.017866694994824045,0.21986319875830654,0.762270106246868
KIC10160285,3.545799318054151e-06,0.356702027788879,0.6432944264118043
KIC3643725,0.012507510888163917,0.5017858936957905,0.4857065954160459
EPIC220613966,0.0002357605418190934,0.0760965265345647,0.9236677129236169
KIC7801424,3.8090317028196707e-06,0.039334129625297476,0.9606620613429999
KIC4756934,2.4453021494695744e-07,0.2780854500362749,0.7219143054335098
KIC6312478,0.017854762647286953,0.3161588634199697,0.6659863739327411
KIC4067975,0.0002560553160765906,0.2531384175882769,0.7466055270956461
EPIC246134510,0.001417035837899084,0.23694370973871257,0.7616392544233883
KIC10124436,0.05785796423620454,0.3864803303440885,0.5556617054197056
KIC5597965,0.034149409422967146,0.3814881795334418,0.5843624110435902
EPIC210534547,0.00024584651053483764,0.05102399906450426,0.9487301544249608
KIC11181345,5.899566003106333e-11,0.6903167579298257,0.30968324201117914
KIC11468149,0.0016099825607077635,0.6011217843347081,0.39726823310458487
KIC2984382,9.097950551028874e-06,0.08493449033029653,0.9150564117191505
KIC8219268,1.5607816327732833e-05,0.044919734543812734,0.9550646576398573
KIC7540174,0.006149601344179473,0.2172023701445392,0.7766480285112798
KIC2165198,0.002333062692252561,0.2521044667362897,0.7455624705714576
KIC9544002,0.0001033909557702006,0.7049123034697274,0.29498430557450384
KIC7212057,0.050640196293055176,0.40846657269434133,0.5408932310126037
KIC3964632,1.1025366258986093e-09,0.16182014050927834,0.8381798583881845
EPIC206137085,2.812158531775315e-05,0.5897190681483379,0.4102528102663458
KIC10279879,2.520603543451916e-07,0.23201454003327587,0.7679852079063724
EPIC213840500,5.5310633754336564e-05,0.5438268029862064,0.45611788638003853
KIC8543569,0.0029398582481519418,0.10322733333246682,0.8938328084193824
KIC7958409,0.017687664517191927,0.6050726891263909,0.3772396463564178
EPIC205933248,0.0007702360817588863,0.4142944592917204,0.5849353046265203
KIC8546146,7.190768083964078e-11,0.1291276029507343,0.8708723969773589
KIC6058700,0.05215191815020345,0.35958232402311097,0.588265757826686
KIC3437742,0.000560438517657168,0.46049246308839686,0.5389470983939468
KIC5271808,2.7999639590167433e-05,0.19766043037329667,0.8023115699871134
KIC5893765,0.032079639775060564,0.4808775295527682,0.4870428306721698
KIC5629783,8.761907206964667e-07,0.1812249314128505,0.8187741923964298
KIC6425921,0.015592142627356744,0.42109287864785905,0.5633149787247839
EPIC211946953,0.00014334177970848252,0.12746024315623322,0.8723964150640585
KIC9962729,0.003490632794233786,0.3976953021648163,0.598814065040949
KIC5795475,3.4217598354150496e-06,0.10968462549015282,0.8903119527500153
KIC4471217,0.0013900702336135278,0.09708892920257318,0.9015210005638127
KIC2164262,0.010043888884590572,0.42598310744179696,0.5639730036736105
EPIC210467837,5.832225681404676e-07,0.08384048000962056,0.9161589367678127
KIC11241658,0.00037006451016300995,0.1482780609133211,0.8513518745765181
KIC9766403,0.06972494755339591,0.42215302532781784,0.5081220271187854
KIC2971432,2.0162534317320574e-05,0.04065442922858489,0.9593254082370984
EPIC211589442,0.001051727913824096,0.45936678319719365,0.539581488888981
EPIC206204771,0.00026761043819189417,0.2161665460742444,0.7835658434875645
KIC5855086,0.0029629348599003584,0.36270683282646443,0.634330232313634
EPIC248858904,2.6810688825988378e-05,0.4524464140233125,0.5475267752878611
EPIC220172237,0.022535991824869876,0.44822877540642825,0.5292352327687007
KIC5526430,0.0008398078621446258,0.3749130745742433,0.6242471175636148
KIC7941728,0.000492885351207107,0.5296958059193658,0.4698113087294289
EPIC247386830,5.657973812568562e-05,0.7458663279060049,0.25407709235586934
KIC8165094,0.0010560525115060236,0.2774193312039483,0.7215246162845438
EPIC211432594,0.006600065262229363,0.43426122108587334,0.5591387136518994
KIC7368197,5.7122731120903244e-06,0.272625289213342,0.7273689985135448
KIC2425375,0.000369230849083054,0.286092979348661,0.7135377898022547
EPIC212323768,3.8136171385979815e-07,0.4294692685861562,0.570530350052127
KIC2424955,0.12483396549552103,0.40577915635374956,0.4693868781507297
KIC10220447,0.002444015403687802,0.4021620656008118,0.5953939189955009
KIC10359308,4.470517312023418e-08,0.1856910977117837,0.8143088575830438
KIC6500038,0.031346781508573646,0.5373638035697155,0.43128941492170897
KIC5731891,0.022758728663445086,0.31558529039833877,0.6616559809382134
KIC9268087,1.6938221994516124e-08,0.420664578568041,0.5793354044937398
KIC9762408,0.018083120798273743,0.41015688524135874,0.5717599939603694
EPIC206142277,0.03362799282147232,0.34519388677844476,0.6211781204000828
KIC12458539,0.0004926414250448137,0.150632044272463,0.8488753143024932
KIC10873280,0.003375750622380376,0.1517951145912064,0.8448291347864143
EPIC248619804,0.0005411007989583404,0.06313156280500645,0.9363273363960336
EPIC220513033,8.684250335819351e-05,0.16434356819853108,0.835569589298109
KIC3660374,0.00857187338199666,0.33799934569270135,0.6534287809252999
KIC4738539,1.5137227989343314e-05,0.1257023565670217,0.8742825062049896
KIC9874261,0.00013463283749946768,0.09476177868819406,0.9051035884743053
KIC11658270,0.00013624025408782983,0.2885586924940772,0.7113050672518326
KIC6664516,0.01811529262493957,0.4880614083306252,0.49382329904443656
KIC5857618,0.0035419639442165712,0.33679858039257177,0.6596594556632139
KIC4548084,0.04586743069864659,0.4927531608339157,0.46137940846743686
KIC2441436,1.7869738091850657e-10,0.3448754036845743,0.655124596136729
KIC10858675,0.020980171224859446,0.23538410440674468,0.7436357243683954
EPIC211705781,3.4824008418819716e-05,0.0675020956369953,0.9324630803545858
KIC5701850,0.02709821097837948,0.42725188455744945,0.5456499044641715
KIC4991033,0.04547746049512266,0.4898177943509923,0.4647047451538843
KIC11521197,0.016887162025223088,0.41242396356007643,0.5706888744147007
KIC9887134,2.492409841549111e-05,0.5883156632105222,0.4116594126910611
KIC9475697,0.000569149699770742,0.08953629309220733,0.9098945572080217
KIC10722954,0.01533442262496068,0.4672134237035252,0.517452153671515
KIC8410437,0.0015310813514286114,0.26908971796559333,0.729379200682978
KIC9882316,1.9177479340865637e-06,0.10544860123702807,0.894549481015038
KIC11228549,0.00015425014506973466,0.7304696021475188,0.269376147707411
KIC10068892,4.488962836958237e-06,0.3314588794288376,0.6685366316083251
KIC11668839,0.000545565066837963,0.07143632746970803,0.9280181074634526
KIC7200117,0.0032875050082770466,0.3350497699466205,0.6616627250451037
KIC9335536,1.3940262622675084e-10,0.6139137723299855,0.38608622753061134
KIC5109797,0.0007710707622962436,0.2610771755112768,0.7381517537264266
KIC5446110,0.0014647991849409256,0.6979452057501714,0.30058999506488726
KIC6946219,0.00101266240177758,0.11534511571717833,0.8836422218810488
KIC3837488,0.0001080312698733512,0.19643533330126367,0.8034566354288629
KIC5176520,2.3972224060489875e-05,0.06863187871941254,0.9313441490565267
EPIC235132940,0.001956626772534812,0.3382140545994829,0.6598293186279821
KIC9074137,0.00027737001110022196,0.05360656401713323,0.9461160659717665
KIC12159919,6.95868356700722e-05,0.044150239952475544,0.9557801732118537
KIC9458060,5.829779443603548e-10,0.157685991697111,0.8423140077199122
EPIC220309349,1.1255007889190033e-05,0.07756147790249544,0.9224272670896158
KIC6118479,0.023872032765473807,0.398141770383393,0.5779861968511334
KIC6385953,0.0012226068193294467,0.1411852139649791,0.8575921792156925
KIC8280407,0.0005448233750350159,0.2291555895702868,0.7702995870546794
KIC3444029,0.035781802328176036,0.4049860773357875,0.5592321203360358
KIC11190322,0.0018491348776991734,0.3654393193219876,0.6327115458003152
KIC8163439,0.00015362570111775734,0.05569049458770457,0.9441558797111756
EPIC206080586,0.011275915314509806,0.3089098824106648,0.6798142022748255
KIC5819258,4.6540316508703186e-08,0.16382261110326135,0.8361773423564219
EPIC211949505,0.002179613174381492,0.4016397677786609,0.5961806190469583
KIC5856054,0.00011664960894705802,0.19315252513486797,0.8067308252561858
KIC5628775,0.00011466264444213425,0.6909218336142388,0.30896350374132
KIC5722272,0.00566307209639836,0.3295144574919068,0.6648224704116955
KIC6753393,0.0026598066543295756,0.4653079107953811,0.5320322825502916
KIC4445549,1.0840059800141336e-06,0.0373276876632178,0.9626712283307999
EPIC210802875,0.04203877770454712,0.30196279489472744,0.6559984274007281
KIC8090764,0.00020283216880193644,0.03367625823283957,0.9661209095983576
KIC7956524,2.6907847724175384e-05,0.3164292051702727,0.6835438869820051
KIC2284278,3.8147624575968575e-09,0.1667489393129277,0.8332510568723072
KIC8451486,0.00041393635058799896,0.07749143214626751,0.9220946315031436
KIC5022741,0.012722338497718085,0.3817463105284489,0.6055313509738318
EPIC210746789,0.0030854833575374363,0.340099693954887,0.6568148226875777
KIC5110961,0.025443232151624733,0.32039199088654957,0.6541647769618251
KIC8285712,1.6002447282138455e-06,0.17584502486437367,0.8241533748908987
EPIC246241340,0.0001918209896175419,0.4254211800740464,0.5743869989363363
KIC3657670,0.004828887299246783,0.41644355235910585,0.5787275603416451
KIC10810905,2.4307186779624316e-06,0.40586726099475223,0.5941303082865688
KIC5857981,0.002730446767735435,0.435154085589205,0.5621154676430586
KIC6888930,0.0035344584898022034,0.31580015288827623,0.6806653886219232
KIC8358665,2.099709038459296e-06,0.43089298280684485,0.5691049174841181
KIC7919558,0.0028658279426154623,0.2996072381734954,0.6975269338838908
KIC4637939,0.004549892323468922,0.4029226141033806,0.5925274935731475
KIC12402894,0.003833958344150731,0.2851204348308526,0.7110456068249957
KIC3222834,0.0001825950993801929,0.025499064044607587,0.9743183408560119
EPIC211767908,0.0005261238253072189,0.11466370739555008,0.8848101687791433
KIC9962982,0.04582119846216622,0.5724106164293843,0.3817681851084507
KIC8452238,0.0003199685105932906,0.23711969984246112,0.7625603316469438
KIC5358969,1.8059177260745454e-05,0.020713396090926563,0.9792685447318138
KIC5360757,2.5020534354075793e-05,0.3241074410085215,0.6758675384571232
EPIC248551607,0.0015696503883431535,0.09903565753949128,0.899394692072166
KIC10485557,4.3192533878205204e-05,0.2633311548626576,0.7366256526034632
KIC7880893,0.0004533260826551501,0.07086007692206518,0.9286865969952812
KIC12012758,2.5005539466887575e-06,0.05513792645313195,0.9448595729929226
KIC8709951,5.8744875137094856e-05,0.3917247214281248,0.6082165336967378
KIC9279889,0.006423459285461501,0.41383706133285286,0.5797394793816877
KIC6677306,3.9220045296038324e-05,0.3173849459087058,0.6825758340459966
EPIC211363503,0.0021411515391982034,0.1031206854517637,0.8947381630090384
EPIC210891952,1.025371864197271e-05,0.22110246315179477,0.7788872831295637
KIC12060254,0.0011982133960981984,0.268067631094363,0.7307341555095397
EPIC211433421,0.0005319203314784736,0.38730161036233124,0.6121664693061923
KIC4995064,0.00029068115200044716,0.29145003830605837,0.7082592805419416
KIC3097623,2.9899588416092585e-08,0.17452742178642394,0.8254725483139853
KIC11305377,3.0599570240405554e-06,0.19361735692193993,0.8063795831210377
KIC11356839,1.778279836608057e-06,0.28134947004441013,0.7186487516757505
KIC6838375,1.0923014711330177e-05,0.0674791852550629,0.9325098917302254
KIC7446517,0.000621978213682909,0.12783345493443438,0.8715445668518815
KIC11905111,0.013450304019465729,0.6425411121888835,0.3440085837916502
KIC10798647,0.001347650793720442,0.1976702555175328,0.8009820936887458
KIC8277848,0.00020873846512145625,0.48089389090967044,0.5188973706252089
KIC3441207,2.3127489212507365e-05,0.02037093780963611,0.979605934701153
EPIC212554814,0.00835173852405715,0.17160784510204125,0.8200404163739031
KIC8957480,0.03421627045514456,0.48853397425187145,0.47724975529298436
KIC10318787,2.6656328427562227e-07,0.7046867530078745,0.2953129804288408
KIC9959763,2.8727441505698443e-06,0.3185279263431889,0.6814692009126623
EPIC206452199,3.759931520096783e-05,0.005664657872416941,0.9942977428123835
KIC5602011,2.812987833178588e-06,0.28426573898439744,0.7157314480277696
EPIC247485473,0.005624004461064002,0.3608735733386917,0.6335024222002476
KIC7367035,0.006583697987530712,0.48880612021936387,0.5046101817931034
EPIC228758894,0.00042279200433846683,0.03689215543504326,0.9626850525606178
KIC4763631,9.501881311701681e-05,0.026408490623302413,0.9734964905635816
KIC10462800,0.00022577692476857215,0.16569794949652156,0.8340762735787097
KIC3110733,0.002082081562937096,0.27690177859288667,0.7210161398441797
KIC10866415,0.0038790371413752796,0.11751414788645367,0.8786068149721704
KIC10922840,3.056634754133227e-05,0.16999025082470615,0.8299791828277543
KIC5344943,8.532182588010071e-05,0.04978462180644866,0.9501300563676712
EPIC212106023,0.0003831866726421879,0.11995417211394546,0.8796626412134103
KIC4465224,2.199548696919028e-05,0.5014392057992736,0.49853879871375595
KIC10383488,3.6535159566111016e-07,0.47246811845736186,0.5275315161910421
KIC6844373,0.07704060282699894,0.35683868239279487,0.5661207147802049
KIC3218930,0.003756818156817764,0.37892317973234196,0.6173200021108391
KIC8827934,0.0027386715329845643,0.19199662616392885,0.8052647023030838
KIC1572317,3.9152750055728173e-05,0.07776784674758713,0.9221930005023569
KIC5702251,1.2044207557191429e-05,0.07424473571503837,0.9257432200774043
KIC7547964,0.06945832101917356,0.37275901931731975,0.5577826596635046
KIC9271986,4.548886538940416e-05,0.022259785040623332,0.9776947260939862
KIC11513798,0.00014715177936484728,0.07731231594117172,0.9225405322794643
KIC12735851,0.006906923300020236,0.5242964656811222,0.4687966110188594
KIC7889593,0.007641143872313336,0.3866273884979075,0.6057314676297785
KIC8827853,7.381849277341031e-05,0.05304144115039493,0.9468847403568291
KIC6425301,0.010263757823132004,0.3322511648699737,0.6574850773068915
KIC3123889,0.0008448889151596417,0.411271034954678,0.5878840761301616
KIC6283618,0.00012147851846410135,0.2587144838644352,0.7411640376171014
KIC2850480,0.0002889428442612048,0.31399777525122646,0.6857132819045134
KIC3744043,8.221560382802238e-05,0.2607747634229863,0.7391430209731831
KIC6467408,4.8502424455188815e-05,0.11658870087733365,0.8833627966982093
KIC9457889,1.4501367904564177e-05,0.5535164043834104,0.44646909424868614
KIC10387370,0.00027840355626334966,0.4372417670745114,0.5624798293692244
KIC7502157,0.02067676086421863,0.4919845998059479,0.48733863932983573
KIC11139003,6.166928668736543e-07,0.3095742176277857,0.6904251656793473
KIC5213459,9.239762315716257e-09,0.14407282950984784,0.8559271612503906
KIC2300227,0.007330402403602762,0.5913394732310085,0.4013301243653922
KIC10155387,0.001735896035201441,0.7046931502092479,0.2935709537555515
KIC7970207,0.007491022910754763,0.5973211788720003,0.39518779821724564
EPIC210665092,0.005912884674137429,0.2814609417034331,0.7126261736224313
EPIC211920811,0.001143430635905409,0.09993903230960435,0.8989175370544922
KIC8387412,1.6326923540731678e-09,0.14911123577143848,0.8508887625958681
KIC8410006,6.851600336568813e-05,0.6490203935799341,0.35091109041669866
KIC11294218,1.3202431012657295e-05,0.3306984115776231,0.6692883859913649
KIC9517131,0.006197878640051205,0.5683970622944736,0.42540505906547516
EPIC210724744,0.0006633736748128805,0.0395347205494295,0.9598019057757599
KIC7177292,0.0015576548141420996,0.5538488818582263,0.4445934633276327
KIC4755560,0.02065352436170142,0.3937842287411794,0.5855622468971199
KIC7596219,1.2737797182640455e-06,0.5916951758921402,0.4083035503281427
EPIC210973294,0.017248606062557084,0.4195158750908681,0.5632355188465754
KIC5220010,0.01882560539460705,0.4066496107209134,0.5745247838844787
KIC11758710,0.004888697741307298,0.3455675978446892,0.649543704414001
KIC4771707,7.103248597980258e-07,0.1496782558477157,0.8503210338274263
KIC8418309,0.0014529496425757379,0.12197938790507824,0.8765676624523446
EPIC201741868,0.03606341712633804,0.4753619079492742,0.4885746749243885
KIC2837276,0.0018275150353663317,0.250667463476766,0.7475050214878661
KIC10136291,0.0007298163034739863,0.5325486407714027,0.4667215429251223
KIC11494169,0.013826874359207176,0.42689508684368666,0.5592780387971055
KIC9075225,0.046418619218912105,0.38176759940340643,0.5718137813776802
EPIC205955888,0.00031098766874933687,0.04705200510714775,0.9526370072241014
KIC10963918,6.042010071340666e-05,0.014277939111054516,0.985661640788234
KIC5168713,0.0024610723529618584,0.549265285672471,0.4482736419745681
KIC11126517,7.500065515525562e-05,0.22453099729463796,0.7753940020502086
KIC11020211,0.00011441279864164987,0.20553136990510598,0.7943542172962524
KIC2984295,5.847912037501589e-07,0.3573901571762247,0.6426092580325704
EPIC211764033,0.014281992230907866,0.44711162293619017,0.5386063848329012
KIC7053383,0.027100846491750798,0.30212578903517995,0.6707733644730713
EPIC211325976,0.0006103173442009947,0.36965105245162805,0.6297386302041709
KIC11073377,4.253891220207752e-07,0.28532885768141675,0.7146707169294614
KIC9344424,2.3403168928021607e-07,0.25948811284709977,0.7405116531212116
EPIC220395307,0.10827961891134072,0.22682219109456275,0.6648981899940981
KIC6774956,2.125047083848697e-05,0.23553093731488597,0.7644478122142755
EPIC211120877,1.0169542498075586e-05,0.32095273951523573,0.679037090942266
KIC12119739,3.6557560852553786e-07,0.03764298767311596,0.9623566467512771
KIC11284496,0.0010161918433117618,0.10151146921187179,0.8974723389448162
KIC7518352,8.952694074516723e-05,0.5145425165550802,0.4853679565041751
KIC10219361,4.687965064377435e-05,0.24178988653355002,0.7581632338158077
EPIC206109324,0.0001534435121589608,0.029244377287594877,0.9706021792002492
KIC4176078,0.019384854166597434,0.45485975593575556,0.5257553898976467
KIC9453048,0.00017013229296482455,0.42039267607248443,0.5794371916345488
KIC9350124,1.0194660160637283e-08,0.19030992225681292,0.8096900675485269
KIC11303425,0.0640447131546567,0.49083002576814366,0.4451252610771982
KIC1873204,0.00016521396854597226,0.5577519977622997,0.4420827882691549
KIC10810211,0.019073488925250626,0.3270074985763719,0.6539190124983777
KIC5623391,0.00024398246328593388,0.2779579628554603,0.7217980546812564
KIC6363109,0.00762583495876449,0.39847547638256786,0.5938986886586678
KIC6522182,4.9641017529379224e-08,0.3746094220119745,0.6253905283470051
KIC5354104,0.02425887972966267,0.36763243858947575,0.6081086816808623
KIC11456172,2.6955678683551763e-05,0.35466985860990957,0.6453031857114059
KIC11546913,0.00011201253232757899,0.11826659749489137,0.8816213899727809
KIC7518143,4.2993719456416595e-05,0.042890138322539205,0.9570668679580066
EPIC248628691,4.3990372783245115e-06,0.039355398921849666,0.9606402020408719
KIC10482239,1.641662392136188e-07,0.3073172931532844,0.6926825426804801
KIC8387890,5.5184956045056875e-05,0.1971122237170768,0.8028325913268781
KIC11654142,0.01700004105241363,0.34288911027300945,0.6401108486745788
KIC7800895,3.1787181574596795e-05,0.5046872726831131,0.4952809401353117
KIC11046830,0.00019731042797126375,0.7333590105340485,0.26644367903798094
KIC11013005,0.08642840778573355,0.3844740996997895,0.5290974925144768
EPIC211329249,8.234531845010895e-05,0.3248121248984009,0.675105529783149
KIC5602062,0.00419927539389713,0.1140779413424074,0.8817227832636965
KIC5685682,1.0999879063011524e-07,0.44079676393181005,0.5592031260693969
KIC11304421,7.078183575208341e-05,0.3090111478756599,0.6909180702885905
KIC7434109,0.00010965735456069939,0.06657660061586008,0.9333137420295768
EPIC210818737,5.086369754500335e-05,0.49157136424766745,0.508377772054789
KIC3337536,0.0001414222816080756,0.2405980556364316,0.7592605220819599
KIC2849476,8.49840679190783e-06,0.3424126985327538,0.6575788030604547
EPIC212609109,0.0012177104754637058,0.16140072051370158,0.837381569010836
KIC6779144,1.1693269189686022e-05,0.31515683704811454,0.6848314696826977
KIC7975647,0.0024336886817555867,0.36392457411254037,0.6336417372057053
KIC8192188,7.973232696322303e-09,0.19722427627735614,0.8027757157494124
EPIC206375929,0.00046433571176061504,0.014081499874907017,0.9854541644133342
EPIC213421252,0.041787057435174406,0.4309071933515275,0.5273057492132992
KIC10548114,1.4222492615468705e-09,0.14395784309334902,0.8560421554844031
KIC12366894,0.00045993290971791203,0.702862758744083,0.29667730834619876
KIC3429738,0.03349641542933725,0.45185626402392476,0.5146473205467378
KIC7265993,4.756251941874787e-05,0.04489943999101978,0.9550529974895638
KIC6853779,7.936076293190888e-06,0.15892318183107473,0.8410688820926338
KIC12154686,0.0003145062567261887,0.5518958891674732,0.4477896045757993
KIC5525484,0.00041962838311648067,0.11056751915354952,0.8890128524633325
KIC5345214,0.00031358299170209313,0.38772556937381586,0.6119608476344823
KIC9880435,0.006043073295726348,0.5646322767827172,0.4293246499215561
KIC10972858,0.00035218401925693347,0.5010573334051049,0.49859048257563704
EPIC206082101,0.002466653557567632,0.4859809514132604,0.5115523950291709
KIC9346607,0.007515206909740119,0.3856210116698424,0.606863781420419
KIC10579765,0.0005757450910199721,0.12836370727607185,0.8710605476329096
KIC4446215,3.610294242841673e-05,0.05114323847926432,0.9488206585783063
KIC6751838,0.001388494648085276,0.36790151150342987,0.6307099938484837
KIC9466998,2.535052032859915e-05,0.42224942743192756,0.5777252220477429
KIC9304549,0.004477097067580902,0.35706092625221536,0.6384619766802035
KIC4069447,1.0028537539724908e-06,0.19810208584824962,0.8018969112979965
EPIC211384259,3.179459556975097e-05,0.030642091799578462,0.96932611360485
KIC8545067,0.001882071633226001,0.4826214555183618,0.515496472848412
KIC12024640,0.004213489666113764,0.1575386005039382,0.8382479098299475
KIC11457554,0.0005308022309229101,0.13955838181607053,0.8599108159530051
KIC8607372,2.0135301417864733e-06,0.04308259495221809,0.956915391517641
EPIC203717281,0.0037248185288463287,0.2308669154623122,0.7654082660088426
KIC8045404,8.179585286646786e-05,0.33581789160013853,0.664100312546997
EPIC215144742,0.09232662914549121,0.38694175149146387,0.5207316193630446
KIC8325668,6.202596870649235e-07,0.1805506559484382,0.8194487237918733
KIC8653471,0.0005451096691318318,0.19933989487355283,0.8001149954573142
KIC3346501,9.581668152065668e-07,0.3328340668341415,0.6671649749990436
KIC10816748,0.0008164100647593923,0.46309588448056727,0.5360877054546733
KIC4757638,0.013165851809820522,0.39761034313412996,0.5892238050560487
KIC11092247,2.6223219270391464e-06,0.3502373276877718,0.6497600499903002
EPIC211747441,5.267395775267821e-05,0.018588607505346133,0.9813587185369005
KIC3962731,0.0008793643411016038,0.6644194870045996,0.3347011486542979
KIC7417685,0.00020568944585017975,0.32858399493789053,0.6712103156162594
KIC7946762,0.007064081878837544,0.3546249925890141,0.6383109255321479
KIC11507936,0.0010210404885102092,0.4409102526041332,0.5580687069073584
EPIC201371295,3.7299325105240627e-06,0.023366251864864355,0.976630018202623
EPIC212419885,4.275993195398834e-07,0.11127719861544604,0.8887223737852364
KIC8879938,0.0018213940327911735,0.21415399066410767,0.7840246153031031
KIC5112072,0.0003383648051904989,0.14291374914224791,0.856747886052561
KIC12304634,0.010095008797450284,0.2502508645910242,0.7396541266115249
KIC9970467,0.003870180377093647,0.3462519012853588,0.649877918337546
KIC11401925,0.0001430361149996492,0.36622403696013806,0.633632926924862
KIC10753840,0.004972997036028588,0.632072344502417,0.362954658461555
KIC3644223,0.00010305508863251807,0.07074683788486305,0.9291501070265039
KIC10809293,1.6464778458385312e-05,0.34633442417453164,0.6536491110470113
KIC8746834,0.026971945039489232,0.42469901054601833,0.5483290444144903
KIC4040027,0.052779794426738975,0.3770227437522526,0.570197461821009
EPIC251594082,1.9020019659088343e-05,0.43688696849856623,0.5630940114817732
EPIC220467951,9.146271399286788e-06,0.1975881503280246,0.8024027034005768
KIC11190108,1.7969082290270644e-05,0.5512160321219366,0.448765998795773
KIC10356057,0.03967762038408138,0.5339671886152257,0.4263551910006895
KIC7747495,8.279085591674975e-05,0.2018635250650172,0.7980536840790688
KIC2299465,0.010515129973869856,0.19982796670836372,0.7896569033177657
KIC8410890,0.003846220310966526,0.46661776683900447,0.5295360128500292
KIC4947897,1.6524756388697258e-08,0.24788608416154512,0.7521138993136958
KIC4916620,2.55075831165743e-07,0.3061506221668003,0.6938491227573691
EPIC229095965,0.00019647814586856415,0.352607154266646,0.6471963675874869
EPIC201920833,0.00393176380202812,0.13089933075447582,0.8651689054434955
KIC6791334,2.506473828352242e-08,0.13972142320080524,0.860278551734458
KIC9541437,1.6705424758217228e-10,0.3531246667103763,0.6468753331225706
KIC5285490,0.013538968186507433,0.4811401183956053,0.5053209134178888
KIC9873628,0.00019963482701185951,0.04955276764906428,0.9502475975239247
KIC4280424,0.00012474453393725304,0.10894621622033776,0.8909290392457249
EPIC210731260,0.000854769230632969,0.17228299642337663,0.8268622343459909
KIC10200886,0.0006732835259943972,0.3889169890826748,0.6104097273913308
KIC7427790,0.0036924301013662366,0.2884450571810408,0.7078625127175947
KIC8812397,0.030249493098571174,0.3141376155567736,0.6556128913446575
KIC5812955,8.924210927173193e-05,0.47154595601132465,0.528364801879405
EPIC211977378,0.002703639951490321,0.18566745988151598,0.8116289001669938
KIC8219000,0.004616821114099913,0.42877685765189866,0.5666063212340029
KIC7698511,0.005893284681939352,0.4474487066228694,0.5466580086951894
EPIC204339150,0.008681314336310024,0.13130000831194016,0.8600186773517522
KIC5773063,0.0478907061682675,0.46451971154996713,0.48758958228176524
EPIC246396803,0.0003929300587112761,0.36941968848306234,0.6301873814582247
KIC3439353,0.016513026515130962,0.39578954392752075,0.5876974295573477
KIC4065977,0.00018120747094535947,0.2193808927722219,0.7804378997568342
KIC11861823,1.187987620707837e-06,0.2650860434254062,0.7349127685869707
KIC8293686,1.7069028264471838e-08,0.16324497844912966,0.8367550044818419
KIC9389690,0.0006177044405469669,0.4207653838651794,0.5786169116942742
EPIC248879557,4.6630877719044065e-05,0.023168020497753832,0.9767853486245275
KIC9764708,0.0030483086721487403,0.2583221030543878,0.7386295882734623
KIC8544483,0.171463215382717,0.35236504811596936,0.47617173650131406
KIC12506147,0.01551599083080722,0.5481346458538432,0.43634936331534924
KIC11824814,0.0019887631776855813,0.3239733522896482,0.6740378845326661
KIC7617072,3.581129461827039e-05,0.1625815972797324,0.837382591425646
KIC2425044,0.0041717306265660545,0.2869772525839491,0.7088510167894837
KIC5267939,0.0016526673888630293,0.3266384282916617,0.6717089043194725
KIC3762380,0.002991977833837348,0.32163856856752077,0.675369453598645
KIC7833657,0.002422377980936401,0.3725923062171999,0.6249853158018647
KIC8417027,0.00010897747007497735,0.6032137302309858,0.39667729229893856
KIC10483504,0.0018901901246427132,0.39728840000253357,0.6008214098728258
EPIC206238956,2.742581518585611e-05,0.018895585700363305,0.9810769884844496
KIC4933782,0.00013069291383652367,0.10716490337606274,0.8927044037101034
KIC5956977,0.001250623887893789,0.6132121413012431,0.38553723481086233
KIC2165710,0.0001333005128576536,0.49804195761742814,0.5018247418697139
KIC9833457,0.004234545639245979,0.3912880865643186,0.6044773677964357
KIC9904365,3.299555661013826e-05,0.028378901383458312,0.9715881030599306
KIC3553458,0.0036050892634417716,0.4621855467557407,0.5342093639808181
KIC3658812,8.29253996993715e-07,0.553970943483832,0.4460282272621706
KIC5193912,0.004518872782274891,0.3635710100440274,0.6319101171736974
KIC6836459,0.005395355535387679,0.6614250325879468,0.3331796118766629
EPIC247462506,0.0003911342655365825,0.45043758513838883,0.5491712805960751
KIC7465477,0.0009994780325703384,0.28726308788076127,0.711737434086667
KIC11298877,2.824104198794425e-07,0.4898710902588526,0.5101286273307264
KIC9086187,5.8614726660547244e-05,0.1493190750753918,0.8506223101979485
KIC10263397,1.7105743215105685e-06,0.30641121450754666,0.6935870749181323
KIC8738537,0.09641123857588971,0.3461187039778116,0.5574700574462989
EPIC248075236,0.0006332780029368053,0.4026843519304888,0.5966823700665744
EPIC248716630,5.94638881292921e-05,0.2199843483711839,0.7799561877406872
KIC8173581,0.0007065916717742926,0.12698846149303705,0.872304946835189
KIC3324004,0.000268807230819921,0.06662476418501093,0.9331064285841718
KIC10863535,1.5470850305337691e-06,0.19374149314272182,0.8062569597722516
KIC11968334,7.610655359462296e-05,0.04983713663885315,0.9500867568075501
KIC7021743,1.1758037988175222e-06,0.28240009627832113,0.7175987279178788
KIC5437796,0.0008035505146247237,0.4614972539957315,0.5376991954896431
KIC10360984,0.01563853134122114,0.32642629480056995,0.6579351738582072
KIC11085766,0.007929864833260454,0.2643997855935997,0.7276703495731401
EPIC212099724,0.006969189682989105,0.4449898224241667,0.5480409878928453
EPIC211388483,4.4351290352397964e-05,0.03313555466090334,0.9668200940487441
KIC9180003,0.006171442149877504,0.3963332828262975,0.5974952750238262
KIC9711349,7.2820796190559855e-06,0.3524960975515257,0.6474966203688558
EPIC206094098,0.006084756895593375,0.10769298714395345,0.8862222559604551
KIC7799904,0.00010954938186034233,0.51268826827806,0.4872021823400803
KIC6700388,0.0002955595139860822,0.3917658047399875,0.6079386357460265
KIC8779107,1.5861072601790524e-09,0.14798108009435684,0.852018918319536
KIC11090926,0.006217478158753808,0.5792665750182919,0.41451594682295506
EPIC210388247,0.00014129821388077332,0.05607657119128778,0.9437821305948344
KIC5436415,0.00023830813596883885,0.10428021734905799,0.8954814745149717
KIC4043008,0.03679526059554056,0.4059752092576223,0.5572295301468371
KIC11289635,0.0025881265809040385,0.4299021397229565,0.56750973369614
KIC11805217,0.008288329523818666,0.41735328253512394,0.5743583879410559
KIC1719422,0.00010966754555535488,0.2848976108054427,0.7149927216490019
EPIC206048937,0.0009107174864248462,0.04406650737012712,0.9550227751434458
KIC10328727,7.5015351931184814e-06,0.12982050616575078,0.8701719922990586
KIC6502960,6.799655758622064e-07,0.4917573177669382,0.5082420022674871
KIC1296507,0.0005267338514462545,0.16557666124677456,0.8338966049017815
KIC7549472,7.150089018686267e-09,0.1729107133749479,0.8270892794749616
KIC7630302,0.0005648984680772175,0.08982116242354346,0.9096139391083786
KIC9717671,3.51675824094433e-08,0.14807508988903736,0.8519248749433801
KIC2297793,6.968239086315645e-09,0.2586647892999283,0.7413352037318335
KIC9967700,5.002359118049733e-05,0.19196592101772114,0.807984055391096
EPIC226604234,0.0001272777979948568,0.05053640066781362,0.9493363215341903
KIC9954248,0.009228049267214444,0.5417643260995066,0.4490076246332783
KIC11723893,0.0008750762206777413,0.11928099457449502,0.879843929204825
EPIC212546716,0.00023135636381394246,0.07684995872554685,0.9229186849106411
KIC5003442,0.00398317617784011,0.4326267101236488,0.5633901136985106
KIC11415780,0.00037280977100750934,0.3037255484343949,0.6959016417945966
EPIC220417297,5.401946408597865e-05,0.04315958812089113,0.9567863924150214
EPIC220634782,0.0028854089787657923,0.4844201239988461,0.5126944670223866
KIC9166023,3.185808438137312e-08,0.23432168065164563,0.7656782874902716
KIC9408183,8.994818195049958e-05,0.03695379505157225,0.9629562567664767
KIC6525916,0.005727849857155747,0.5425530688655219,0.4517190812773226
KIC3939679,5.4983540488616e-05,0.03730908000809566,0.9626359364514161
KIC2305992,0.0018673962104065796,0.1501123351940056,0.848020268595589
KIC10155116,2.8396302362473792e-09,0.20491379972640517,0.795086197433966
KIC8191905,6.880360751318805e-06,0.017019263181418668,0.9829738564578286
EPIC210352451,0.00032725787307348207,0.03289406532427501,0.9667786768026518
KIC12170173,0.0009018414722979623,0.10882716008925274,0.8902709984384499
KIC4059499,0.15630188062645983,0.3745804052777573,0.4691177140957814
KIC9161451,0.0007791636910713694,0.07717539838170723,0.9220454379272199
EPIC206484607,0.04873318101406738,0.17216229731058671,0.7791045216753452
KIC5600698,0.02125479314303375,0.44511531575119356,0.5336298911057719
KIC11567563,0.004440100050555472,0.3003467053230211,0.6952131946264218
KIC6786177,0.0021707029292815996,0.21706728873157025,0.780762008339146
KIC4580189,0.01620906856615633,0.37406158465299955,0.6097293467808428
KIC9264889,0.023400862195867886,0.4945558833441628,0.48204325445996876
EPIC220687685,0.00011932878474458874,0.08717878210375751,0.9127018891114986
EPIC212315444,4.4042514418020133e-07,0.16420027408590498,0.8357992854889514
KIC5541499,1.734096446197654e-05,0.3358331682567059,0.6641494907788337
EPIC246425494,0.02255193387400953,0.4156161722776882,0.5618318938483021
KIC7285786,8.260938185620499e-06,0.38826912276058095,0.6117226163012367
KIC7674224,0.00016152841680525297,0.06180592639354295,0.9380325451896513
EPIC201623257,0.00018714298686299603,0.05811242113660851,0.9417004358765265
KIC9292387,0.0021447278555419697,0.5396419635547485,0.4582133085897112
EPIC205064326,0.000651867189144669,0.04128488105046911,0.958063251760385
KIC9536727,0.005453858270671089,0.466316520618064,0.5282296211112644
EPIC220501668,1.3540909252829955e-06,0.13043972149101482,0.8695589244180593
KIC5342486,3.0351533605210065e-05,0.08294643152590031,0.9170232169404944
KIC10922092,0.004579788219794818,0.4622625873530479,0.5331576244271553
KIC4376913,0.0004485322499251879,0.08213887366263802,0.9174125940874337
KIC5905655,6.959584495116491e-06,0.33093889206720967,0.6690541483482942
KIC11182706,0.0019815782986238543,0.5015698210868096,0.49644860061456536
KIC6359454,1.1120592176484296e-05,0.10961455880696289,0.8903743206008607
EPIC220547652,0.0008394052648029884,0.5647286832558487,0.4344319114793461
KIC9307073,0.03608438989641313,0.45112000054849816,0.512795609555086
KIC12253294,0.005155474438334624,0.3876190760033193,0.6072254495583485
EPIC212121218,3.703563423230359e-06,0.21580805581218954,0.7841882406243886
KIC6757558,0.0004949498110301477,0.09763247607467633,0.9018725741142944
KIC6842204,1.6322612491308825e-05,0.013508246110069188,0.98647543127744
KIC8914107,0.0003833597640252848,0.099445743704003,0.9001708965319704
EPIC228791859,9.910736285734366e-05,0.05872270792611843,0.941178184711026
KIC7531332,0.0037439932984418074,0.38784905787439994,0.6084069488271563
EPIC246416522,1.162242702462993e-05,0.020547309086427927,0.9794410684865454
EPIC247624511,0.010954914291225743,0.33439111034254676,0.6546539753662252
EPIC212613949,1.1210135092537469e-06,0.44496996215730905,0.5550289168291814
KIC3970003,4.092815591093169e-05,0.3008939192612761,0.699065152582811
KIC9512787,5.2821397742844286e-08,0.3605920233522169,0.6394079238263849
KIC4758222,0.0008308839557273549,0.3098317991202429,0.6893373169240296
KIC12120144,2.18583631272312e-05,0.2577880309844142,0.7421901106524575
KIC10991673,0.01532715896539779,0.358723714050305,0.6259491269842972
KIC10616057,0.001179046347564561,0.07538389281753,0.9234370608349064
EPIC220472462,0.00017389764751304002,0.13911021997225292,0.8607158823802347
EPIC212357017,0.0008699754363264629,0.12123772351785875,0.8778923010458153
KIC3936047,1.996107847497075e-05,0.10684949201200525,0.8931305469095212
KIC5023732,0.00014317102548674386,0.270677383472996,0.7291794455015168
KIC2847114,2.5429042551733923e-07,0.14085207671863992,0.859147668990937
KIC9395535,5.818324647993374e-05,0.4229243972674395,0.5770174194860815
KIC5392313,0.003667659577871344,0.31787165563128794,0.6784606847908397
KIC7947648,0.000450248809344442,0.37448906155396783,0.6250606896366858
EPIC212323451,6.515303699219184e-05,0.4403628031499883,0.5595720438130184
KIC6949816,0.0006000919944360171,0.3140058035836754,0.6853941044218897
KIC3429364,9.61598995107901e-05,0.020707702699553986,0.9791961374009348
EPIC206226228,1.4235481509389966e-05,0.811324241160355,0.18866152335813433
EPIC205992336,0.0003256364668274015,0.2630260306407727,0.7366483328923996
KIC7957671,0.010877708355683437,0.4651648873035431,0.523957404340773
EPIC212434736,0.0006358831770925737,0.11108942481118045,0.8882746920117276
KIC10679466,0.0013268182053828583,0.42656804246728547,0.5721051393273312
KIC4054908,2.9598001442046925e-07,0.2639261517784534,0.7360735522415326
KIC9165879,0.00012599102533187852,0.3169599548202969,0.6829140541543706
EPIC212406696,0.0011264253095684433,0.1302700041047991,0.8686035705856325
KIC1162220,3.331377416499413e-07,0.3322592476577121,0.6677404192045464
KIC12254159,0.0006491929498552299,0.4785227268461921,0.5208280802039519
KIC5882210,0.00041357569106491505,0.13745647409053757,0.8621299502183962
KIC10454887,0.0006513868144519605,0.2946716087249319,0.7046770044606121
KIC10873826,0.001529031392706244,0.16833404087154671,0.8301369277357459
KIC11771561,0.00011866732829845944,0.045616549032654406,0.9542647836390457
KIC3449907,0.024775871208859913,0.3123269669950091,0.6628971617961291
KIC9541946,0.0024616571327950383,0.14098497000065413,0.8565533728665505
KIC10858520,5.569759546663352e-05,0.3251565826888377,0.6747877197156972
EPIC212107680,0.0005209932299432671,0.03618023083994567,0.963298775930111
EPIC205083817,0.03696405757859767,0.20238338295069608,0.7606525594707074
EPIC203743138,0.03133840145896379,0.3801736146922318,0.5884879838488047
EPIC246131026,0.0005991762051305246,0.34759598624962523,0.651804837545246
KIC5534806,4.801816672577502e-06,0.5993313942902053,0.400663803893124
KIC9027245,0.006077547932342212,0.6434105922012114,0.35051185986644695
EPIC211750060,0.0027255180196911893,0.16847550047728746,0.8287989815030202
EPIC212687403,0.017851542172183082,0.17980104847266215,0.8023474093551574
KIC4056079,0.006025185325136208,0.3489508191293963,0.6450239955454691
EPIC210368963,0.0005431132832632222,0.45135576417487766,0.5481011225418558
KIC11975063,0.002118109844854554,0.30537381815530684,0.6925080719998383
EPIC246807518,0.01510907371414413,0.42960993991771274,0.5552809863681446
KIC8391545,0.00042617100586625234,0.08449674327961995,0.9150770857145168
EPIC210835829,0.0001454241338726452,0.48304091322183745,0.5168136626442925
EPIC211895016,0.02346324697688758,0.3466852432695713,0.6298515097535414
KIC11821966,1.2852970879173281e-06,0.3305517114975969,0.6694470032053186
KIC8234203,1.6284846082716487e-07,0.2598070188482354,0.7401928183033035
EPIC201600585,5.083616259012295e-06,0.10272359593259033,0.8972713204511529
EPIC201856354,0.004917455556611245,0.10146559718209001,0.8936169472613014
EPIC211781194,0.015961117282430125,0.43163524143968096,0.5524036412778895
KIC7184978,9.277828967814146e-05,0.462611290355631,0.5372959313546903
EPIC214653301,0.00016751783972144367,0.3294082484050616,0.6704242337552165
KIC1719297,4.143330385167797e-07,0.23927945655581614,0.7607201291111437
KIC3858287,0.0006546266357340994,0.4189580415417808,0.5803873318224831
EPIC220551063,0.01629288559162708,0.10885093486589938,0.8748561795424739
KIC4678610,3.0252776044848162e-05,0.057993951715963374,0.9419757955079917
KIC11032402,1.0456226922944328e-07,0.2348560053208526,0.7651438901168759
KIC9706194,0.00098241668245183,0.3554109686876451,0.6436066146299018
KIC7587763,0.00022877383481653883,0.4958219971359597,0.5039492290292239
KIC7668536,0.0004229486147212077,0.2120347425599922,0.7875423088252852
KIC6768448,0.002547822732026574,0.2794396316076576,0.718012545660315
KIC3103685,2.8710416382898107e-07,0.22337009256215223,0.7766296203336809
EPIC206010094,0.003950874019022215,0.05896249642765379,0.9370866295533256
KIC3248982,0.0006434908964793267,0.3662097267864333,0.633146782317088
EPIC245925285,0.00033871000149197943,0.07482181184716255,0.9248394781513444
KIC8174161,0.0018208629291167797,0.2688450415695769,0.7293340955013059
KIC6718509,7.136613370281927e-08,0.2132570993254662,0.7867428293084019
KIC7617399,0.011578348610919744,0.4224413082100192,0.5659803431790621
KIC8959259,0.005844973963772579,0.31613899632480086,0.6780160297114267
EPIC213532050,5.773340862957845e-05,0.19656433732665513,0.8033779292647173
KIC5709265,0.032712981524735056,0.38832877320205045,0.5789582452732172
KIC10658326,0.00017475929152418988,0.5238436542383289,0.47598158647014704
EPIC251605773,0.013461072868735663,0.36604661638275093,0.6204923107485141
KIC6762849,1.956869868709336e-07,0.24623813948247034,0.7537616648305425
KIC5252229,3.238264386209122e-07,0.2857348127818976,0.7142648633916625
KIC5867990,0.004653473218951767,0.25427248550562803,0.7410740412754181
EPIC204598218,0.0061586128066656,0.5578387211153846,0.4360026660779511
KIC6292598,0.0031120899755088987,0.5341869214965588,0.4627009885279324
KIC5544606,0.021208461108689795,0.37553633372418194,0.6032552051671306
KIC6765408,5.769759671849881e-05,0.2919392027507726,0.7080030996525079
KIC11244968,0.0009035548379590055,0.25746841615158605,0.7416280290104545
KIC7948629,3.219750555888796e-05,0.04777576850214173,0.9521920339922995
KIC12737278,2.583346787102419e-05,0.024611963646869427,0.975362202885261
EPIC220269908,3.501952232284619e-07,0.6244542415795826,0.3755454082251946
EPIC211321852,5.0695829459405954e-05,0.038513998211982835,0.961435305958559
EPIC206476223,0.00013630021221975916,0.027597461261259244,0.9722662385265247
KIC6125893,2.2672856610384142e-08,0.12349407424703344,0.876505903080107
KIC6044784,0.0004591787446217535,0.3191231407153156,0.680417680540063
KIC9426610,0.0001473622232893129,0.06771261969355505,0.9321400180831554
EPIC210710965,3.909271597636734e-05,0.23581617749389974,0.7641447297901239
KIC11569693,0.015828946910732573,0.36503267014627133,0.6191383829429975
KIC8219125,0.0009184899670628234,0.18970431809828764,0.8093771919346489
KIC10881317,0.019748620627321228,0.41643908966801857,0.5638122897046587
KIC5193386_A,1.393560334995542e-05,0.10790524136108537,0.892080823035565
EPIC205974551,0.010574585058825291,0.25499272051441463,0.7344326944267586
KIC8112523,0.0002744162384207538,0.17833015748433267,0.8213954262772492
KIC11358698,5.541952912652002e-05,0.489914653007527,0.5100299274633469
KIC6939060,0.00010777066483532138,0.35256820154868135,0.6473240277864818
KIC11304158,0.00017926720239739349,0.3166459687927794,0.6831747640048231
KIC8824452,0.007753495703984616,0.6634182411991918,0.3288282630968237
KIC6447883,1.8037755473222862e-06,0.3321577848776639,0.667840411346788
KIC8388250,6.639554909463532e-06,0.25215409877065487,0.7478392616744344
EPIC205953049,0.00011907848921808783,0.043879364872168564,0.9560015566386116
KIC5780828,0.00020678265392689644,0.26517273040276695,0.7346204869433064
KIC8649496,1.0222685749966213e-07,0.18556314324092876,0.8144367545322131
EPIC211597156,0.0003946747014724116,0.04261907389212093,0.9569862514064041
EPIC248645389,0.002708783424912301,0.06039795783375614,0.9368932587413307
KIC4284281,0.0021003388466305653,0.29005606125428735,0.7078435998990809
KIC11252757,0.003325463418949411,0.22090886610616645,0.7757656704748856
KIC4934550,4.08182115267974e-05,0.03991657573732342,0.9600426060511486
KIC5695038,1.6827137485093348e-05,0.027240340505763846,0.972742832356751
KIC3852505,0.011324846959141436,0.5331207026396201,0.4555544504012406
KIC10853817,0.05280128205784615,0.43868825519168336,0.5085104627504684
KIC9651313,0.0005297003364439296,0.278787168219643,0.7206831314439155
EPIC212120805,2.2624276205542076e-05,0.06639146621145954,0.9335859095123358
KIC7119903,0.0018484724408358642,0.4115527488261747,0.5865987787329899
KIC11441797,0.037714402809841355,0.48078632891484535,0.4814992682753139
KIC4142086,0.00010213741567736998,0.28691132856249213,0.7129865340218297
EPIC212342578,0.0012964881530776588,0.12981060697991995,0.8688929048670038
EPIC211351885,0.060104930333807025,0.17470568973315453,0.7651893799330372
KIC2437816,2.9111396232810502e-08,0.2311912421676777,0.7688087287209251
KIC10131438,0.00012429297242095652,0.40537105126730033,0.5945046557602786
KIC9838432,2.9105853902113503e-06,0.29604797304185815,0.7039491163727486
KIC7102068,0.07551088638464211,0.38878758127751956,0.535701532337839
KIC7743124,5.126484365723305e-09,0.10416957854758255,0.895830416325931
KIC9363969,5.9275098451935135e-08,0.2316602569329717,0.7683396837919302
KIC9430039,0.09870090414430772,0.43315061565371754,0.4681484802019751
EPIC211330362,0.00021110119067662653,0.34036474979678416,0.6594241490125374
KIC2968820,0.0008079315137257385,0.5578448438752672,0.4413472246110077
EPIC220650253,0.00021586940484331514,0.037619608553457265,0.962164522041698
EPIC212446331,0.00040984257659106385,0.5312415611447416,0.4683485962786684
EPIC206308617,0.005583873146222999,0.3247532758085094,0.6696628510452652
EPIC211840467,6.853265243107775e-05,0.11513495482559671,0.8847965125219713
KIC6551391,0.06681607274836966,0.4109331823021375,0.5222507449494943
KIC11515424,7.917348447250253e-05,0.09265962798295438,0.9072611985325724
KIC10420202,0.00040275709284546445,0.09890746144736501,0.9006897814597907
EPIC201161403,8.306643839251891e-06,0.21072460269173787,0.7892670906644239
KIC9706219,0.00025445326364577787,0.4463231536820883,0.5534223930542641
KIC7808516,0.0638221895402676,0.43424535258897745,0.5019324578707541
KIC9835626,0.004126653357507702,0.3552036635962368,0.6406696830462569
KIC12070550,0.0001851372484638856,0.2244607341688438,0.7753541285826925
KIC9392647,0.001895171831355981,0.12311270359451174,0.8749921245741366
KIC5430779,0.00017824001369656954,0.10386110553722146,0.8959606544490818
KIC6620987,0.00029724643334766177,0.32673189433596334,0.6729708592306893
KIC9028321,0.003319131961968316,0.33132822757022257,0.6653526404678097
KIC4995788,3.0449859165378842e-05,0.01570839759571859,0.9842611525451146
EPIC228996702,0.000294761787366724,0.055479857749923436,0.944225380462707
KIC5394451,0.0008616168965770029,0.3225089347214356,0.6766294483819901
KIC10228698,0.0026321574646083774,0.3855551739784886,0.611812668556904
KIC8685978,0.001938917469887259,0.5801337432267489,0.4179273393033659
KIC9456506,0.0019733835951887204,0.29629798053594214,0.7017286358688691
KIC11903733,4.827582012324545e-10,0.3702781388128317,0.6297218607044114
KIC6447552,0.014639812170190126,0.45352434894273547,0.5318358388870756
KIC10461323,0.0015387059043850291,0.33141081868698175,0.6670504754086332
KIC8934264,7.463249218625944e-08,0.32208835646004536,0.6779115689074671
KIC9667164,0.02549474524195751,0.33883185133929655,0.6356734034187461
KIC6470149,0.001789321096891433,0.2852427428456554,0.7129679360574543
KIC8631317,0.015412947436658189,0.5024571610176445,0.4821298915456996
KIC11600255,2.8386575283753244e-05,0.2658765873202193,0.734095026104499
EPIC211416288,0.0001825766248114996,0.031311186206283245,0.9685062371689054
EPIC210438176,0.0002850212700102822,0.5201617424061497,0.47955323632384006
KIC3965419,3.7565342658536335e-05,0.3686993728628405,0.6312630617944996
KIC9283112,0.0011476949440283391,0.5142256316888948,0.4846266733670765
KIC7175826,0.03756399267224346,0.3552056738291374,0.6072303334986204
KIC3343931,0.010634180154209983,0.431872648822687,0.5574931710231025
EPIC211704166,9.741782463102252e-05,0.02625698468862221,0.973645597486746
KIC7985382,0.012344201042912966,0.42735480416051425,0.5603009947965718
KIC11147717,2.3280964628348804e-05,0.22459468524704768,0.7753820337883206
EPIC245935959,0.0009168439718444155,0.08026740381638321,0.9188157522117735
KIC4587051,4.6594541574503605e-07,0.2664049234414816,0.7335946106131016
EPIC214688884,0.00873791623453508,0.28149111617333167,0.7097709675921321
KIC4261269,0.0036177074162015844,0.3315540871843103,0.6648282053994874
KIC11494646,4.248272575224508e-07,0.5048932319250021,0.49510634324774133
KIC5859081,1.572573835919165e-08,0.17729048556356056,0.8227094987107026
KIC11129442,0.0021882558272729017,0.5232219122804075,0.47458983189231957
KIC12598909,0.0022227640050240046,0.3023138833557569,0.6954633526392211
KIC9835713,0.011559836481049668,0.6440746920982922,0.3443654714206594
EPIC211951502,0.004777189336303385,0.06120144857274581,0.9340213620909492
KIC8154799,0.00040313324191744486,0.34672800592297287,0.6528688608351104
KIC6764026,0.004469321727913075,0.2077336449335587,0.7877970333385287
KIC5706724,0.0028874374865150024,0.260002373781612,0.7371101887318745
KIC8231947,4.297245542430574e-08,0.16367336837908086,0.8363265886484624
KIC4262239,0.01249147780570462,0.3787306231906006,0.6087778990036947
KIC11196614,8.434138466183536e-07,0.39380692788407334,0.6061922287020797
KIC4738610,6.318717098358348e-07,0.1406494860082503,0.8593498821200387
KIC5426041,0.002321910042706096,0.35089223335069597,0.6467858566065973
KIC10133033,1.9029489203539484e-05,0.02980532571677498,0.9701756447940213
KIC8802374,0.0004128321632956579,0.36534874873203665,0.634238419104667
KIC8590931,0.002402066713104321,0.4344475107369961,0.563150422549898
KIC11339247,5.332390563090107e-07,0.21339351885457264,0.7866059479063697
KIC6142932,0.009539944066139141,0.32273666627709585,0.6677233896567648
EPIC211054460,0.019594636846173238,0.37570273530084153,0.6047026278529848
KIC8285025,2.2403106000044307e-06,0.23497707683101524,0.7650206828583839
EPIC206283558,0.0002822905894993199,0.03606898851345128,0.9636487208970492
KIC5688694,0.051457783001918486,0.4420964297015384,0.506445787296544
KIC8168080,0.0003732238019302482,0.5117142609639743,0.48791251523409707
KIC2017541,6.188245075725823e-08,0.22893550163032966,0.7710644364872187
EPIC247840229,0.0033016047634270673,0.28035056730900393,0.716347827927569
KIC8017898,0.03203757143874203,0.318127850154635,0.6498345784066221
KIC12159679,3.3054099711192064e-07,0.2292415334025417,0.7707581360564603
EPIC248798639,2.400313197477259e-05,0.0625929486224909,0.9373830482455349
KIC7265649,2.745798863547067e-06,0.22498437962352577,0.7750128745776114
KIC3937022,0.04025440311949647,0.35758822696007947,0.6021573699204227
KIC6678432,0.0022234260742716133,0.3493504796085887,0.6484260943171409
KIC6279200,1.2995021219679236e-05,0.31070606979309945,0.6892809351856797
KIC3531647,5.353682807724458e-05,0.4257313364941856,0.5742151266777379
KIC5305259,0.03071317935329772,0.39153430320137067,0.5777525174453328
KIC1163114,4.370886157131848e-08,0.21158872541757437,0.7884112308735663
KIC2165894,0.005525006519343239,0.2758486208456488,0.7186263726350118
KIC6522553,0.013114868245450089,0.3862993548920193,0.6005857768625319
KIC8609704,1.8351719719629834e-07,0.30896630743119846,0.6910335090516053
KIC3970177,2.339632657910184e-05,0.4780089443566502,0.5219676593167702
KIC5295898,0.0007506328224525814,0.13791133620486168,0.8613380309726826
KIC10031856,6.453317816385613e-06,0.22414567160890458,0.7758478750732789
KIC9353950,0.005470121378122359,0.658657840607885,0.33587203801399335
EPIC206413241,0.00017126592485101642,0.0172692384224235,0.9825594956527254
KIC10492224,0.00022174928576082186,0.38292097029124106,0.616857280422997
KIC11446280,6.62971240744395e-07,0.3643232975808977,0.6356760394478623
KIC2283532,0.003287213670658366,0.5363892881814597,0.4603234981478803
KIC11752358,3.202410070425139e-05,0.6811554298426845,0.31881254605661047
KIC9636300,2.544658858853976e-09,0.3869174279742428,0.6130825694811003
KIC8142438,0.003664689443977086,0.16070120423228498,0.8356341063237389
KIC3219744,0.0012666417653522618,0.5205705348648487,0.4781628233697988
KIC9290481,8.377016348176573e-05,0.19875063919932937,0.8011655906371898
KIC7543102,0.004412406850313829,0.4062419862635598,0.5893456068861277
