ID,bhs_M_pred,bhs_M_std
0,1.3769111812895143,0.475620002810686
1,1.2801485373295147,0.20262413910092406
2,1.283807564025639,0.20238087870060556
3,0.7165714508915639,0.21879566765801242
4,1.0635936821871728,0.07479234500633922
5,1.063795444073538,0.07467830940004788
6,1.0646957291164119,0.07601425888455321
7,1.0540176759336894,0.06981714146986265
8,1.3611576605262046,0.2528481402787269
9,1.3663554774033733,0.26226604976223117
10,0.6789081010875081,0.11252011459955441
11,0.6804879706398576,0.11780749878931372
12,0.6316487962321905,0.07372005580496749
13,0.6862736328009366,0.056151185259311315
14,1.2241875391434145,0.5202582240709536
15,0.7236271016665553,0.027916780668819263
16,1.3466225525260243,0.43093214667462615
17,1.1346885688578559,0.358215613668853
18,1.294602597958501,0.49657228417322363
20,1.2700504661011096,0.4637611125815775
21,1.3580546998255048,0.47515930355733
22,1.401898453608822,0.4331120125044277
23,1.409894126686504,0.35429116948241757
24,0.6409582137601018,0.034209673903526375
25,0.6399772131986592,0.03357580983270816
26,1.4934753279538964,0.06038390057338027
27,0.7442420274297958,0.03770723869557106
28,0.12757764829187085,0.07598343012034878
29,0.130673500645022,0.07783592907356256
30,0.12746158453387352,0.07889040221579784
31,0.127298565918691,0.07858424545460603
33,1.2069369205295144,0.04602432648010663
34,1.000701906949359,0.0731152647833149
35,0.8949979623350746,0.05366161471582066
36,1.2541370748491045,0.09880166755320709
37,0.9646557168271876,0.04427344013438049
38,0.9379943234983811,0.08101058667907875
39,1.2837852693558343,0.031559063116866994
40,0.2711544624051306,0.03640501506088387
41,0.27263716588940134,0.03541844313457165
42,0.24914882979337863,0.04542176057666292
43,0.10825098960183917,0.06692413492270805
44,0.10657859855297264,0.06880546486613288
45,0.191658181724442,0.031015732434316944
47,0.14646752522626372,0.08672901492303574
48,0.18829604313082596,0.04354105663650116
49,0.16571573592810881,0.07169646369806608
50,0.7508758952716309,0.03173950636157715
51,0.38770344197684536,0.021814328085498824
52,0.38765314141469087,0.02146779135496325
53,0.7712320486795459,0.05579423327448242
54,0.3749909981982627,0.014470832074215772
55,0.37440386635066014,0.014954633049686573
56,0.5902913431795467,0.029679559776368443
57,0.5899285404762533,0.02974417646719362
58,0.5662262226760161,0.029459794092326238
59,0.3367581260522704,0.025500648221771765
60,0.3364710548265197,0.02641423867270033
61,0.36881459689079016,0.03210156017142748
62,0.36910695709751856,0.03158535424049599
63,0.4447006937019626,0.018647203413477174
64,0.4441363606868828,0.01814108136856726
65,0.4432107216250092,0.01861853389182928
66,0.3161701190615219,0.050751025909813924
67,0.27506332046573245,0.03853015952932609
68,0.2751254647540317,0.038148810685368746
69,0.46282154723801505,0.02063391779686602
70,0.5732115552207108,0.02661013117169847
71,0.12061099788232156,0.08136883153882432
72,0.48335406044574963,0.018374288157414185
73,0.4844442706895968,0.018861436582259885
74,0.4830036439871648,0.01826370724411429
75,0.6960809681212962,0.02543219919417588
76,0.69578633551513,0.025660662267432927
77,0.48933077074722797,0.04053775219430309
78,0.501800743761393,0.03432829679235996
79,0.31668209055615576,0.016570754750251136
80,0.481949622257175,0.018347216404842697
81,0.4982556102183068,0.02063974740005071
82,0.4974155144924664,0.020346280364706214
83,0.31968237036916836,0.05738730602610945
84,0.3201416442098566,0.05762122450688222
85,0.3204550065618008,0.056579197966129036
86,0.3126490197952107,0.02738712986984242
87,0.48349571370952443,0.018354764199968253
88,0.5142913591127023,0.02048876369614653
89,0.5295665925570779,0.020714951029070314
90,0.5916888186138068,0.03553845518334441
91,0.5185580079856004,0.03587550831571758
92,0.5146657218762952,0.04065022252189518
93,0.5135388708627249,0.04035970721399039
94,0.4440178129412077,0.01893346268665312
95,0.44382717693321766,0.01854947493258873
100,0.11098947375691258,0.06873727596141403
101,0.5467993330874723,0.023638742214303125
102,0.5755021606963364,0.03259781604435784
103,1.5464584195656932,0.06305147437125652
104,0.6441768217984297,0.02465981431941083
105,0.30542506705828326,0.03105381886132104
106,0.6132574888473429,0.03516245973986838
107,0.48528052051321807,0.04150054666205669
108,0.45891208972023406,0.020264602667062433
109,0.34188586173939844,0.0189130735017175
110,0.7093896026583015,0.03202394225450229
111,0.8996421227570726,0.05273756086472035
112,0.8099026272745625,0.03273328128808257
113,0.8523750612913947,0.02647386534623921
114,0.7947256460416517,0.029667809202994493
115,1.098521379278047,0.05258511166481953
116,0.9866770959459347,0.032999651685229316
117,0.9467135301137914,0.04757639760981388
118,1.0106169624476682,0.06239237904813147
119,1.0783269472115313,0.05303669853133462
120,0.9172697104428478,0.04654649824625358
121,0.9103508190921977,0.06920275773048425
122,1.3738215309852804,0.04321049913973229
123,1.1343376019316522,0.07410044029419549
124,0.963901547115046,0.04691394203077398
125,0.9628087585717447,0.046506164858276036
126,1.237991759175535,0.0638335916976621
127,1.2399783788412915,0.09906898702653338
128,1.2247982505425539,0.04853664095424226
129,0.9901206900966752,0.027523579187568953
130,0.9258421259453735,0.04136059763554147
131,1.0790614264993548,0.04866786059804099
132,0.6291083991117397,0.02628469540385913
133,1.0209684479290122,0.03299650062016923
134,1.102438353714644,0.04161178898308491
135,1.031544221742877,0.030022877959357427
136,1.3778128402862513,0.031215849131886363
137,0.9828208682673355,0.031384901781695486
138,1.07192610886714,0.03375283677172503
139,0.9673133625781282,0.030039502364290423
140,1.3161675243312263,0.04022046647259626
141,1.199688417851565,0.029027121912502188
142,1.2332384415160245,0.0605608961088321
143,1.6129269754353117,0.05623548704037468
144,0.6933444081562757,0.0264437548835926
145,1.6269422582522701,0.07681182021182177
146,1.7662842245551456,0.10751096001504562
147,1.251535375391335,0.04724658536303687
148,0.9999452082199044,0.08230825136007953
149,1.068827366949522,0.04252430687542429
150,0.9001647263987089,0.03759555724794159
151,1.0001060293592245,0.09505029464250044
152,1.0908648366551525,0.043620551495356645
153,0.7627966836875368,0.026216802434620476
154,1.0856015373596375,0.047498607838513715
155,1.0589251392030254,0.058249753592691876
156,0.998316301890612,0.06049853789811302
157,1.272988511366416,0.06528095299953646
158,1.3874562764434135,0.05346403340393846
159,0.9241383994558516,0.044545807891337816
160,1.0158600182885007,0.03780154562631402
161,1.2055397223995714,0.03663831605573267
162,1.0617511588303297,0.0421446443322754
163,1.2341666897237273,0.08518800905667429
164,1.073719908373395,0.051325869788093094
165,1.0325394102351853,0.039145441818040916
166,0.9663079138903091,0.04169268779665942
167,1.2974857801000446,0.037162079625218135
168,0.8937518531767903,0.0335307147626603
169,0.9689955114010557,0.036526628562005954
170,1.3660410357312076,0.0485221405503464
171,0.9908452927488446,0.031016479707502848
172,1.4657577994933613,0.05920984637505419
173,1.4948882060242288,0.10555849240586918
174,1.2250584234938229,0.07266728250325406
175,0.8549167478081531,0.03559298853811579
176,0.9047664584814645,0.03598654732555177
177,1.263529653754644,0.04743291200587166
178,0.8960935942440567,0.03903209637240814
179,0.6782032944135612,0.026188837535890828
180,0.773361225247279,0.027256889396805137
181,0.7448252046679905,0.027489927395776263
182,0.9264443458854419,0.030066676304564326
183,1.0779846218115978,0.09181706993659232
184,1.1683487102916637,0.03187283010542224
185,1.554955893068744,0.02988453563084867
186,1.0019968800680465,0.030662618909651267
187,1.0122722281844958,0.05022142599296682
188,1.0124191307190713,0.05138334436232672
189,1.1345250010346764,0.029721908300793336
190,1.1185211518094613,0.03675792415900299
191,0.9387794669652444,0.032910624192583136
192,0.9868105443077119,0.03401943810231218
193,1.5518052088487342,0.03393529429064438
194,1.2515677844894073,0.03288440998661293
195,1.4374070369710197,0.038671885177026466
196,1.423126898142252,0.034952339092802855
197,1.3259099962973453,0.027222444840187442
198,0.9423682592165361,0.028785559021390125
199,0.8845056278642649,0.03562559971419984
200,1.6997069619633562,0.09314977251174804
201,0.4711156869098073,0.017953894157816216
202,0.7771450790136335,0.02570895727130679
203,0.603615685650126,0.03799778919310948
204,0.6088734181001614,0.03831647072583493
205,0.6473594986789211,0.027875313401677027
206,0.6545854223580619,0.027159929670108624
208,1.2535521554007667,0.057676487141082915
209,0.8624428442547231,0.05400285152797593
210,1.2120413742041103,0.08752987400859338
211,0.8802383947795812,0.09660487255598423
212,0.8817071399307648,0.10063461117224132
213,0.8812571191160334,0.0976377050750693
214,0.8786074515933878,0.09776187154622504
215,1.0272061674917432,0.09224431159787819
216,1.030545640095823,0.09180217745609102
217,1.146894583532934,0.07782365039648995
218,1.3747580541721813,0.4429938902703206
219,1.3504048409981626,0.042740800284393435
220,1.1252798024045676,0.14510352243730232
221,1.1290190815613184,0.14592719462526105
222,0.8726487838370047,0.042329530272199774
223,1.2048400121641647,0.036983738558326214
224,1.0447834846706585,0.04547869500260371
225,1.044763765323149,0.04512721764824775
226,1.0457703139892682,0.044041131976328675
227,1.0462216973890328,0.04512903394514558
228,1.045724158620088,0.04521994615989432
229,0.9321645027846904,0.11854446377082963
230,0.9327714265803945,0.11373913099615125
231,0.9295171588642601,0.11715931969661955
232,1.2318484963841478,0.0563284269581954
234,1.4071787651041183,0.36623240489103204
235,1.3050868631107648,0.07332465098042888
236,1.3042821770778885,0.07611205477146177
240,0.78734453353664,0.04485451380827414
241,0.78908447244673,0.04501420941416946
242,0.8055746455714096,0.12242632577484885
243,0.8080976814322507,0.12939325891951392
244,0.955675725149642,0.08419497367824572
245,0.9547577151902802,0.08449078347842316
246,0.9528929393975515,0.08310468993801072
247,0.9422407733042523,0.07767081138098893
248,1.474947591341985,0.06082582228841253
249,1.364383624344552,0.45014325654118725
250,1.2275915432367221,0.03474723607191876
252,1.4305857566396571,0.5024533677657025
253,0.8122638950492683,0.09474862116706743
254,0.8115471851634604,0.09243728308010116
255,0.8103650724487942,0.09127145085525966
257,0.5476789350258544,0.034814568508653804
258,0.9758443116165374,0.09085835650034856
259,1.3944670895525917,0.5579492017389592
260,0.827101419796037,0.05880477056639545
261,1.0407576873664894,0.08406107893692495
262,1.0382798721685054,0.08868609691148922
263,0.8479268544344004,0.12748059381488455
264,0.8477126600790901,0.12321528105036778
265,0.8482958575291598,0.1193925556364172
266,0.8415309156392765,0.12264274337594301
267,0.847254062662121,0.12447196745712033
268,0.8459448733149515,0.12341513079057462
269,1.2901491891205428,0.0349869262736252
270,1.289051765585398,0.03327404786740218
271,1.3626448440848637,0.5115306623208177
272,1.2605311821494332,0.09179276156662071
273,1.4381474105345553,0.24741158782191608
274,1.4264240073027035,0.26077485450875965
275,1.5864249491089821,0.03941753036564422
276,0.9769056647471622,0.07181571001908955
277,1.0109355049721205,0.07083738218220087
278,0.8327620286312483,0.03504168545344612
279,0.815460565075401,0.05228467953175072
280,0.8154102565160803,0.05122614330466748
281,0.8159371128766272,0.053307705030845545
282,1.1312959388162147,0.10202875873348265
283,1.3790708304780013,0.2630076562807512
284,1.0589287972384493,0.035118095158172144
285,1.0597594278329683,0.03489985044223395
286,1.0386890891831733,0.04063835283574632
287,0.7509496967120765,0.03367954006573847
288,0.81916572500683,0.029418065107331956
289,0.8202268356965384,0.02915340327713593
290,0.8203824153644003,0.028243613335353166
291,0.8207005370102293,0.02852521135278958
292,1.2026669732268445,0.24147541305834255
293,1.1947549453642905,0.13906876962506126
294,1.287898371203721,0.037431884115162586
295,1.0324461390972177,0.04636427103358907
296,1.03082450503124,0.04634861702100904
297,1.0313934624427343,0.04601615763977828
298,0.44035895545645576,0.06912757167034637
299,1.3831401375616952,0.2859609920186186
300,1.0334049508826235,0.040247923410695316
301,1.0323128335999199,0.03994852752974548
302,1.2952475492950681,0.45358787384033683
303,0.7307564250718378,0.05169951681328915
304,0.7309117046961237,0.052283228119341975
305,0.7284375541441119,0.05210124328351136
306,0.7297520993874826,0.05280417509961777
307,0.7311191793297541,0.05157294734267543
308,0.822237287441638,0.03967127960379122
309,0.5549182171133313,0.025616670908550666
310,1.4094057000374505,0.44086245700288657
311,1.2493656430640294,0.03762335070057778
312,1.2490174365995321,0.03716913209527655
316,1.4209446095182603,0.0495520892807245
317,1.2366379833659127,0.06730023186824423
318,1.2364959880982407,0.06459996116614808
319,1.237485348097154,0.06829400789870159
320,1.0021300145173972,0.03191584605663917
321,1.003395287593641,0.030440306584688614
322,1.3398488213891848,0.2486658363499943
323,1.3171669173556027,0.1886645981217896
324,1.3090470733244346,0.18167766707515623
325,1.3145496535231125,0.19227164045808814
326,1.1547177999387195,0.0357194729208866
327,1.3764619361955421,0.22498101299282663
328,1.108084524476915,0.08303565594196352
329,1.106253741024738,0.08145269144358978
330,1.1031389136490988,0.0788083142825197
331,1.1088425480897062,0.08267974793925703
332,1.109531637337455,0.08034142424789824
333,0.8891389204410375,0.0444098822577954
334,0.8896459291921127,0.041972553893454834
335,1.3735175745604238,0.5139804603636337
336,1.1119581389147222,0.08845746732892483
337,0.9686982348869391,0.06823275414257322
338,1.0421172973898536,0.09414825820971555
339,1.433578903515381,0.29060565720532766
340,1.435457045238237,0.3042831943129083
341,1.251060396836462,0.5381372702069386
342,1.1963898751173703,0.10036293630421037
343,1.1948528120092186,0.09804887042001276
344,1.394156529860204,0.4278298201015486
345,1.0258467788647205,0.03849219078540035
346,1.1773980261165116,0.04906682117320313
347,0.9517037587808602,0.05870338449625921
348,0.953232583616117,0.05828860279058047
349,0.9618518863607852,0.048525470462172246
350,0.9551371360147801,0.035586337542887016
351,0.9545508566825759,0.036885474304902376
352,1.3620301729185478,0.2771719033136714
353,1.3556265974743655,0.05728426266231279
354,1.3555658661671668,0.057171535405363676
355,1.0963157997355133,0.04905519370553349
356,1.4417439271523573,0.3514964671978893
359,1.3801507809183469,0.3851175872715208
360,1.1667435504770556,0.03296526502500712
361,1.1157193184484304,0.07564369095028102
362,1.1134924076272348,0.07553622095795835
363,0.995430065234052,0.04111095083384118
364,0.9959413992321167,0.04070189181521812
365,1.0297514056437613,0.04370875240324743
366,1.0274847051219445,0.041492258450719646
367,1.042357824315881,0.03412541403925103
370,1.1862974963317283,0.046551695151413476
371,1.1524080068741234,0.06676721196791609
373,1.0616895469061483,0.03413037543571593
374,1.0615140978774735,0.0340344919641397
375,1.1815246281628735,0.050463271041743446
376,1.465114686499743,0.3657537247688954
377,1.4442961870244335,0.3812089756835668
378,1.3616064333699935,0.43064348961341586
379,0.8005874271278,0.03396501984048723
381,1.38010952592963,0.3089828424239352
382,1.378245212816274,0.3011938101117828
383,1.398492728606497,0.30909549141998155
384,0.8223551562705158,0.03177160421420365
385,1.3747574190550869,0.29357041990576355
386,0.8274493584683076,0.05620828842887173
389,0.7919404305694356,0.026179071054564445
390,0.7143377001183492,0.033973265372577395
391,1.3726262915600596,0.2954998121129699
392,1.3608197425701107,0.27487155073123876
393,1.3948590895544284,0.2776986790169926
394,1.3773588840419844,0.3165022314957791
395,0.9529513953890232,0.03776036348999353
396,0.952863484887375,0.03825213588232077
397,0.9519889182597581,0.038166018852836034
398,0.953455014137292,0.03923637281175248
399,0.9222007815153499,0.027473048206128954
400,0.9226011191805505,0.026143178598311317
401,0.21104780892516659,0.06489804721007618
402,1.2122304631541845,0.06218030641548183
403,1.2140819235889782,0.06207529228829798
404,1.2125188518310617,0.06276640951345275
405,0.6603811256744604,0.026630385585199305
406,0.9146988923001774,0.03485348605354449
407,0.9446566672584836,0.04468651491968255
408,0.7234496345691188,0.03842563350474281
409,0.7249739073520313,0.038964153637458074
410,0.7249008406019906,0.039143784690105585
411,0.5351706999586451,0.025413966045751215
412,0.6124639207106893,0.027307916036838034
413,0.6117811072624451,0.028229915312461745
414,0.6123668734069769,0.027981539712729195
415,0.5038817560122953,0.028733632004682017
416,0.44981443422918616,0.018651078759996977
417,1.1103470324881102,0.10973545811668577
418,0.7472123481536646,0.03956162529133514
419,0.8465594893870747,0.03230763377706117
420,0.8175501699227661,0.032533266679864295
421,1.071650132753159,0.056430144295503394
422,0.8981293633855973,0.04323012953504155
423,0.879996628528759,0.03284838620294189
424,0.7351645338562999,0.04543539977058242
425,0.9835423040935938,0.043837199031881845
426,1.1734990198487114,0.04697212409937725
427,0.8762142510046312,0.04236679972452655
428,1.1525147336665456,0.03483275945546128
429,1.2255750901906448,0.043375113978956124
430,0.3728710484036128,0.021188577263348423
431,0.3736322425390707,0.021977759577127207
432,0.37327597341408136,0.021707377431408135
433,0.49333432743449335,0.03179813654846569
434,0.49144553414223335,0.03159280491175812
435,0.28055412705815563,0.015169753591528685
436,0.8293198473509736,0.03501106988858637
437,1.5755084117509057,0.05143711008893419
438,1.1335841123953374,0.05801702913924509
439,0.8749794883886179,0.06189916219406566
440,0.915733054246582,0.044870046847577866
441,0.682959944535511,0.03480577083705481
442,0.6834356100046224,0.034624896232517154
443,0.683191631590753,0.0340518063535184
444,0.6839212528658186,0.03397789453767323
445,0.9849573582016053,0.047830335231891334
446,0.6046245975875869,0.024116686430678973
447,0.6352619137483633,0.07068139174313909
448,0.3427227286753299,0.01916945548874921
449,0.9410169577039265,0.0459498260414297
450,0.514341412012726,0.020281191831752428
451,0.5143132925867462,0.020305534092474032
452,0.5144697895336445,0.02063143394545217
453,0.8695709480990724,0.03615246912554364
454,0.17830600428038196,0.06728726246668594
455,0.5668655877881738,0.029262695591637095
456,0.8945384795272092,0.029580181302292084
457,0.9686703123903757,0.045509691087146274
458,1.0472630703389008,0.08806132477584708
459,1.047286780635172,0.08496288460746587
460,0.15947509764314932,0.03852514407960158
461,0.5426732234411787,0.02220752429795583
462,0.6067970083430025,0.03067795645028696
463,0.7101354158700242,0.02572490891651689
464,1.0776511739098367,0.08666898890896407
465,0.8756819668766832,0.03345531949664679
466,1.0807810055540157,0.03268956832071353
467,1.3094330639251721,0.24163719362427288
468,1.2320568164839498,0.06376470223847414
469,1.441773667490654,0.03936656217406023
470,1.4408050594749138,0.03921071481408165
471,1.3333398165153525,0.03691588707762818
472,1.0956017513981933,0.03850799768978942
473,1.4815046168475476,0.06350220209618135
474,1.2041733292375323,0.0452945386935682
475,1.6065153331214233,0.06167845668503192
476,1.4893390967188076,0.04022439179742094
477,1.6280508466570143,0.07486224688600983
478,1.764420392860347,0.11298955436508001
479,1.5504264238183674,0.06384176244610738
480,0.9926592450143961,0.042454718659378436
481,1.287493976894723,0.034902212252021204
482,1.2064703210987298,0.03875168743381518
484,1.4122437656470235,0.29043617918547837
485,0.834611622905003,0.16548190197614357
486,0.8340315489128646,0.15707258311712777
487,1.3899845034181753,0.11867132835258769
488,1.3953905102049908,0.11313545329233658
489,1.2265551868915099,0.0638936410820189
490,1.2266178187375127,0.06269475521471833
491,1.2261110552849979,0.06352364648969439
492,1.2241588246810091,0.06504202109324424
493,1.13215540777377,0.11498420221037518
494,1.105800156122833,0.04263338221878231
495,1.0311256257444996,0.07422622997301312
496,0.5009810939116005,0.02069489005679212
497,0.5013170033042934,0.020721675692443937
498,0.5023950567908261,0.02035345175257025
499,0.5016569612439713,0.020491331761465875
500,1.449532017491213,0.04391427443054496
501,1.0078925012689375,0.044968198027113514
502,0.9611351789925802,0.07540517139504664
503,0.9633694325481378,0.07582394883558066
504,1.1824587723890887,0.03518058598931424
505,1.1822552714212848,0.03556917711897718
506,0.19074598404469753,0.026836319443920224
507,0.19022540180740463,0.027537206202218514
508,0.3949771956703676,0.02587216160781444
509,0.7329676869005641,0.028852548085381614
510,0.9715504178018725,0.03836736485988974
511,0.8067422994815953,0.029452371265923975
512,0.8051290569711531,0.029293066270455397
513,0.8065868848348253,0.029776813924766346
514,0.8051441863030172,0.029450295852205297
515,0.9371945596385914,0.06415182467462047
516,1.0738537902284824,0.08922402188250186
517,0.9611959658956439,0.07530187428659237
518,0.7989905081480387,0.056503892278761146
519,0.8284935917821837,0.04523273378019706
520,1.1634510366324575,0.04774323688977979
521,1.1586005149455783,0.06049758331915731
522,1.1573074814490711,0.0630518601438805
523,1.0967911960540073,0.05730011291546109
524,0.9764172820901134,0.10141375394815175
525,0.9826455111254618,0.10794021262694113
526,0.9819332226187797,0.1025401030669785
527,0.45090370904869503,0.024477969368444992
528,0.4502300824964601,0.024020511527980074
529,0.45165656330959997,0.024786294756171678
530,0.45119215311966615,0.02421952179948084
531,0.5329546302027349,0.02590187388699908
532,1.1265160231315607,0.044783307885691966
533,1.1269420174006655,0.04322585775722002
534,1.2134163108073315,0.19187279785086217
535,1.2163445000331345,0.1984758095432419
536,1.0631879889068836,0.033718581908073926
537,1.0636089802645843,0.034322412577746264
538,1.063882380126424,0.03352841074044417
539,1.1806655092470666,0.07252490460457783
540,1.1797558877566765,0.07008383950588642
541,1.1815247402515532,0.07025766368039234
542,1.1818894202041013,0.06898412072654767
543,1.1818450535765093,0.06977983629631844
544,1.04390903252124,0.03463242873288513
545,0.8885871413051208,0.03794832564499804
546,1.1738739580079907,0.15289320561473738
547,1.176917456830491,0.16968264393912766
548,1.136495580996379,0.05129298015120482
549,0.995655547865453,0.09140284289583318
550,1.2328262239498033,0.03509154203585185
551,0.8098857620416475,0.06429285753727579
552,1.13405641674979,0.06862664070400293
553,0.9956857347725248,0.041279411839800904
554,0.9942422156400377,0.04096795899522404
555,0.9182771418662712,0.028533450083026303
556,0.9215547354367601,0.035385621374037175
557,1.0066975090585006,0.16340480875213076
558,0.8690386147935965,0.02945967028163871
559,1.4217361983091505,0.07813266794156978
560,1.1588896667830868,0.0599478010583959
561,1.4445356682400283,0.09143728641914296
562,0.7407845121662748,0.026282772288006073
563,0.7124713585843245,0.025706527629162524
564,0.48908649140423727,0.03554540862973209
565,0.8998366725021593,0.04803471016594218
566,0.5256101570906923,0.029767644469676176
567,0.5095275149903921,0.04974629491706727
568,0.5782383651981289,0.03527109766515607
569,0.7511848433675831,0.027198506421516284
570,1.2906795786840917,0.10275446841660173
571,1.292045280086563,0.10566604558865123
572,1.2922716762307338,0.10458023746195007
573,0.9589695161918096,0.03836342229758102
574,0.9571890471287031,0.03840785053976448
575,0.9147938742874901,0.033434963066754086
576,0.9158757565926305,0.03397993429844916
577,0.6875257676080442,0.03465309237262944
578,0.6882043553738918,0.034746198365017585
579,0.6880445138843735,0.03506086765149918
580,0.686765278019858,0.033802757413889634
581,0.6874823682126422,0.03456687779948912
582,0.9442598169038946,0.033656507136483604
583,0.8756565401521972,0.1307327990300448
584,0.8792812278740257,0.13530901063000084
585,1.1509989964428071,0.037641371009807134
586,1.1532817642369233,0.038183548272999766
587,1.1529702829502126,0.0373389565371451
588,1.1519974446975774,0.038260220392331484
589,0.7176303610005557,0.02432719027832036
590,0.7181303629888367,0.024706290131488375
591,0.7184144304910597,0.02429388975995704
592,0.7179089950490076,0.02397118479725492
593,0.7185253413380588,0.023959189699264215
594,1.2502439506017995,0.06843718130099705
595,1.000612762528693,0.036302453418598044
596,1.002455854891393,0.03782782613809522
597,1.2386492898245767,0.09397498524830329
598,0.663150678164727,0.04748387745126941
599,0.3102989091180403,0.027171579612132808
600,0.30967227348584153,0.027223017284186645
601,0.3094941401406857,0.027614705669377668
602,0.30958786960702833,0.027119570215546958
603,0.309123685811733,0.026745379200100967
604,0.1752502861851412,0.026499202051177423
605,0.17466005540449808,0.026165676017357708
606,0.17140550636297172,0.0663276544469846
607,0.5032783266582337,0.01793342790481473
608,0.15552854582644313,0.06485803205916951
609,0.5987257451988734,0.042692412352131434
610,0.14493530861659984,0.042965436861261634
611,0.14660071033410838,0.04381496683874765
612,0.14602441712089034,0.042994021998491866
613,0.12773777431364258,0.05609249924145844
614,0.1264941334212589,0.05620777054908408
615,0.45214763373036954,0.026033094135629962
616,0.3776058436146442,0.023678609756615933
617,0.377111253123644,0.024652021824097932
618,0.964390310261986,0.09680607751462937
619,1.1961728809172167,0.06250287008899987
620,1.0052415591460842,0.20109216961822174
621,1.1838014063524525,0.0540495345486979
622,0.8942476951636713,0.08672349757122454
623,1.0364176066494846,0.1322246993913775
624,1.1167489210082977,0.10946081273723811
625,1.5053003212490226,0.11031315769313252
626,1.2215843060761897,0.09538711337192192
627,0.801169860824012,0.06008997393424399
628,0.8421339628933776,0.19244141697919692
629,1.2643869406989288,0.07062949026086585
630,0.9779580600330626,0.04291448130580129
631,0.8692060975030533,0.028352916826662137
632,1.1434104669805427,0.04060271908117733
633,1.094087049982457,0.08545915826726534
634,0.8929613892201583,0.043675670394526286
635,1.0766025522459173,0.03917129717458316
636,0.8110117839918892,0.02723445438172558
637,1.3757599000121723,0.03659542922106694
638,1.0413857651234313,0.03625639369211721
639,0.7377883755448797,0.02620075839625465
641,0.16994528484570603,0.03417747076228912
642,0.11307417038990629,0.0446633006085556
643,1.0438025800195299,0.041102376239575494
644,1.0455142359549539,0.041939150748574024
645,1.3901556276242637,0.048156039752415045
646,1.0402941923207807,0.035068370056099495
647,1.2144056714997897,0.057865459291012965
648,1.1525899374040298,0.03877264909334964
649,1.2335202138276848,0.05448902129177563
650,1.0940125671924816,0.033388904425882715
651,1.0934769500341062,0.03230433289644293
652,1.0725327482039004,0.032573000421075554
653,0.5335172418988701,0.02219389331100639
654,1.0422754319986725,0.03402815602054962
655,1.2396376860857918,0.040218782357882246
656,0.9374878461664289,0.046890270329645364
657,0.7841153678718649,0.03535541057990035
658,0.7847050601208635,0.034389283616475176
659,0.1570683426321573,0.027222569872281728
660,1.2899426587367169,0.05590216040376345
664,1.1784203862798268,0.044719350336337345
665,1.3734875315626929,0.03824927447478007
666,0.9849776576608552,0.03143743409535757
667,1.16388286012728,0.03907542726924158
668,0.5236565645485629,0.027173434051360416
669,0.4667509795494363,0.017714834345058255
670,1.0583107911125185,0.034926455190052094
671,1.0575890494956324,0.034920683767695734
672,0.8814403649669122,0.09922470805371447
673,0.629690937846079,0.032383464464877214
674,0.5887638659477262,0.04630372744183985
675,0.5897951240025844,0.04688026635316735
676,0.4809078229503038,0.04381590259902575
677,0.9112382782424748,0.03434374145214284
678,0.9109642405884321,0.03348138280994719
679,0.9112136440525733,0.031854511331734024
680,0.9219990505810017,0.03136757118241559
681,0.9953109934440586,0.03261586192321401
682,0.87530731207126,0.034448217678205384
683,0.8761478669485459,0.03498957316231584
684,0.8761458535100203,0.03406152570818547
685,0.6398848593682164,0.035378514360362774
686,0.6404311049773235,0.03646780584315825
687,0.6411094078094184,0.037016380901665674
688,0.42751033704682506,0.01760243521869589
689,0.42765356795465514,0.01776126963805834
690,0.4281147838399459,0.01774705298767577
691,0.899658441536302,0.03550102530829936
692,0.8800838572082845,0.026461295136386134
693,0.8794599928825273,0.027451725919975477
694,0.9974982468074597,0.042140107787048305
695,0.5395682012479971,0.03012001260508003
696,0.8827913105008492,0.034636937906544346
697,0.9684946298080522,0.031498791275641765
698,0.9681777411553067,0.032320613714490354
699,1.1453867041567156,0.03947744408434982
700,1.1446246596634226,0.04020434384566713
701,1.3660631273926667,0.07499313026513338
702,1.1738369206330908,0.040858603160522644
703,1.1631655400486305,0.036767282862127854
704,0.926628996145741,0.08315288021232124
705,1.3797334061120363,0.04572751801277875
706,0.937230729181149,0.05962793785486735
707,0.9369414859207873,0.05832356294767043
708,1.0226774348856773,0.03463459273610227
709,1.0229821309165361,0.034454422358057096
710,1.272737883060513,0.05641085060818529
711,1.274096575295171,0.054664835314492
712,0.8372041947004915,0.032247738483727875
713,0.836506090078876,0.03238570522275812
714,0.600638353132358,0.026559386875396735
715,0.982081037663504,0.033144484926414135
716,1.7281967537127252,0.07701965098540021
717,1.0285811471919655,0.06696195504091128
718,0.8580627726287501,0.0533759042926549
719,0.8587516658607566,0.0524915164228264
720,1.1846733480039209,0.03727876788095458
721,0.7761316003506935,0.03999932067591277
722,0.9496114016526229,0.03260631215364779
723,0.3934016286048011,0.044537402254575816
724,1.0094459416114359,0.039122168670852615
725,0.245141615146826,0.01910461533831386
726,0.36094203882058534,0.017327847710854816
727,0.3606176859162364,0.017106405687918314
728,0.4605610517673735,0.028534748449116635
729,0.4596069519514949,0.02860607963578345
731,1.6319450309059613,0.05734911485504375
732,1.0029330848349318,0.0343064946590989
733,1.6477002304142585,0.04946146675873814
734,1.3975528036081875,0.041931698982937214
735,1.4186676765635924,0.031914248150377626
736,0.4773288332924279,0.02968196793735465
737,0.4485079757244473,0.020411893452435746
738,1.0028863754145323,0.0343813710768421
739,1.003305909483993,0.033561672856658724
740,0.18026673292724055,0.0577212449192117
741,1.1219284346135263,0.037766565182437546
742,0.8698369679665873,0.02954394543321733
743,0.8693391221473895,0.029024110712171057
744,0.49166903997296396,0.021144802987345557
745,0.2734302853992358,0.03715604409379279
746,1.002070667600393,0.03248593167054189
747,1.1349649210258483,0.050727922134751954
748,0.6279412736148446,0.02513215920558783
749,1.0711067610588543,0.04051092876321153
750,1.0720786380832694,0.039782183823899774
751,1.0691135921714772,0.034919975140661884
752,0.9872291270800446,0.049373893164672986
753,0.49673277176240493,0.02092691972722777
754,0.49669143353594103,0.01988510396699351
755,0.9604654759773916,0.03931543515058692
756,0.5853653114615197,0.028792320308184256
757,0.9129104892261856,0.026690051785918423
758,0.9396248495013323,0.04137709705822574
759,0.5974462454596315,0.09286503128491101
760,0.5964591945102738,0.09170670266553793
761,0.5958276960251456,0.09138914187078481
762,0.5984811034603917,0.09112742479535511
763,0.5947158327896842,0.09226083305827873
764,0.5971077459887717,0.09404027388598289
765,1.3943665703795964,0.04570869027313055
766,1.024008866287124,0.041582459360894816
767,0.5498243813026774,0.024809275836732907
768,0.7684360804947509,0.04434734497433454
769,0.7681575380376952,0.04531288617083334
770,0.8160420031838831,0.027738133833802078
771,0.857610677353496,0.03136589720370631
772,0.8577736834006331,0.031063583627801022
773,0.8755896284093589,0.03294797507606225
774,0.8836628108329249,0.02904510864484401
775,1.2664795214816462,0.05255151939791932
776,1.2217590149504964,0.03887012269420039
777,1.3822005924737815,0.03876855102118487
778,0.42151477649019153,0.04696050233083714
779,0.8555094407334736,0.06802992064943875
780,1.00355963539534,0.03763209208309955
781,1.231343905079865,0.040728129803455936
782,1.0587847549708127,0.0386215922383879
783,0.40496883405699524,0.04469162210562117
784,0.9183035366600762,0.02604979959350332
785,0.9177041004873396,0.02570736140162553
786,1.7269345429955167,0.10748157057883616
787,1.0778207884236768,0.03948559828602692
788,1.0760687059399667,0.04018405193841614
789,1.0879984959058129,0.03582284527316342
792,0.5381160065503975,0.04434645029510073
793,1.196064726930247,0.04503444987414703
794,1.1669446295375432,0.04599808521067513
795,1.2015974695287837,0.042477977727424635
796,0.5354014492943908,0.02775573260730089
797,0.4488382719303388,0.02327398325994414
798,0.9240503398683113,0.03334505596267793
801,0.3966077548688063,0.015462341011287366
802,0.6588773743143068,0.0869311839237722
803,0.6559202936683532,0.08680545857983579
804,0.22728141031267576,0.05692347874078501
805,0.23040526621612756,0.05643699422656304
806,0.9647714547514664,0.03882142742167365
807,1.3930888519043294,0.05111434757680991
808,0.2283869263325281,0.04879766050950387
809,1.04922182085607,0.042846963825982944
810,0.8173214851592275,0.11367059434452563
811,0.8074692575646677,0.1283703660608691
812,0.34551718366195405,0.016487289046923828
813,1.4479051676890322,0.05918620149293858
814,1.2262905011681133,0.054078789316716384
815,1.354671123323298,0.0436367640953901
816,1.152024574553575,0.03551471947606654
817,1.0937531659918482,0.03984175158248952
818,1.0013295228091093,0.04264667025181942
819,0.8513757391152975,0.08868064200900408
820,1.2495374083340665,0.041068685850345454
821,1.2904102441692185,0.03620523277877169
822,0.1624963039580453,0.04302966252236264
823,0.16199148128583746,0.04296804971273624
824,1.140144852243717,0.048753087550208234
825,1.1402969689565352,0.050036976696346956
826,0.6752031453492988,0.03623042515814108
827,0.675093237704916,0.036325235493641736
828,0.94509820739926,0.034821190317698085
829,1.0091380192358197,0.0325016723206297
830,0.7477794280319,0.03928538714305082
831,0.7479231711842175,0.038260326988640354
832,1.277416549059084,0.043465958156283714
833,0.9578255135080098,0.03034092125702117
834,0.9048877696001627,0.03651486545225243
835,0.17472127574709498,0.03404945981191336
836,1.0465927878179309,0.034420298531820465
837,0.8278624289755098,0.026808040242430674
838,0.8002929803552918,0.030290391676447526
839,1.20766501787795,0.04015300024262874
840,0.1598001054797207,0.03003248457030556
841,1.1177023741884677,0.03286973127271861
842,1.1293084981311055,0.06731843474047498
843,0.6522202668005666,0.026154940794207642
844,0.3420199012478395,0.06265137442363138
845,0.5773400285954747,0.10732042253086231
846,1.7398508193994306,0.0742631390791849
847,0.9841226716424479,0.04764063596432843
848,1.0396763716883,0.04029557518278697
849,0.8621745020628461,0.08242377355846496
850,0.863344450820392,0.0813261561843851
851,1.1537230075058742,0.03187531271352857
852,0.8217379946216862,0.037926390178872275
853,0.8220822221077063,0.03735276617725033
854,0.9911628402447126,0.09438680873550057
855,1.1301178051859229,0.05298795295539311
856,1.3113132392794582,0.041861409167391415
857,1.0487094699740354,0.03816225097257043
858,1.3340907098355492,0.08246176725498307
859,1.1622557722015672,0.03902925970240316
860,1.1511305738434991,0.06385723534507137
861,0.9868337914597591,0.03508782973234936
863,1.0911189353537332,0.11543487520650182
864,1.070848698039637,0.0771142935126871
865,1.050226420523889,0.038556484767104236
866,1.1649545950156102,0.04003376645673799
867,1.0147578371315558,0.04752880757364412
868,0.8406391166552214,0.03850831485381894
869,1.1230837863608203,0.04342627030121593
870,0.8379575749600171,0.029805617728435204
871,0.8366133390790812,0.02980731232832988
872,0.9526768050176099,0.031476942292248226
873,1.2317506124915107,0.04159683707047773
874,0.804878710867806,0.032726882614703745
875,0.9836812252951261,0.03497356264474374
876,0.9984414865576025,0.11328707274398045
877,1.1284645595806704,0.03546113735916495
878,0.6957103797441738,0.034242966776818824
879,1.1854867093354682,0.05221068693799839
880,1.1276527625672645,0.04163921985988377
881,1.0379446381677973,0.03449054108831756
882,1.143118635075917,0.051128167809450564
883,0.3970662765347706,0.035996433446815176
884,0.8921906462686071,0.14807169813597212
885,0.7211258784530256,0.045579016077193286
886,1.0993128565008983,0.04320965922157366
887,1.079783875570329,0.07668850495956901
888,0.982242793005783,0.03490406439763728
889,1.4172240824889275,0.046160152378734276
890,1.1336764895857334,0.04015300778283885
891,1.3026331384320162,0.05544302984654285
892,1.137446304158209,0.03715012383133149
893,0.8770034837314237,0.03044080529872443
894,1.180176156687744,0.04326363988186844
895,1.0776532329480504,0.04240097640082644
897,1.0092945094813388,0.033090527235287756
898,1.2151428322169164,0.04571584379914343
899,1.1513334677979492,0.041566774464864106
900,0.8843010475244851,0.029974190244984614
901,1.2187588953381252,0.09386657580858852
902,1.2204459384697353,0.0941283359849085
903,1.2198537259213185,0.09193538001194913
904,0.6237153675879955,0.024685136701966152
905,0.4867401632615953,0.01954577629937462
906,1.1360797940637164,0.04250990787604278
907,1.177920829840337,0.040954675494135485
908,0.9817653620477973,0.04304739561235956
909,1.0634918660119426,0.03236867043227112
910,1.1192309706605164,0.04532214370225185
911,1.1525678748560726,0.05252957943475536
912,1.0872529435852851,0.04486549337190156
913,1.1830175045498037,0.047586511908777766
914,1.189074077953639,0.042773553428510136
915,1.1748093669294883,0.0625182056855183
916,0.334318537171116,0.047176936356594104
917,0.33340933482923807,0.047536504411400615
918,1.1430091654301688,0.033790239809699654
919,1.1590614198851228,0.11555766430329352
920,1.255325773145505,0.04022114506073167
921,0.9153261900541575,0.030426790912123376
922,1.5165785954069153,0.050127674270261165
923,0.20584015720632864,0.016632830021234356
924,0.643785936916604,0.03367339558624606
925,1.3309779735192657,0.04983585808367156
926,0.831401111901874,0.044723616831289004
927,0.8289047834049322,0.04623605402401154
928,0.30810834397456643,0.02411331012379843
929,0.30792448140768547,0.024457230920203254
930,0.5989457581258227,0.027165678948157513
931,0.5989801170949846,0.02691863175698104
932,0.47208576251887713,0.018803464083107204
933,1.295129753819283,0.24806674305939067
934,1.2962620471406932,0.04731287964416185
935,1.2107738175400908,0.03504252912983381
936,0.28085631004859984,0.057133620678131755
937,1.026129810781386,0.03737228987541119
938,1.3151532310979657,0.03983015998580576
939,0.9343989005373314,0.03168076165690253
940,0.9341826365653829,0.03225098522662285
941,0.9323073587621642,0.033101503395170644
942,1.107069584934397,0.04241860852488098
943,0.9071292164299305,0.09341232642344886
944,0.9067060959171271,0.09574806430183681
945,0.9071299179321686,0.09041733805278165
946,0.8976660719305306,0.07956572185007323
947,0.38086224686519,0.05076343771119733
948,1.2722337956920562,0.20287580187072926
949,0.265574484980162,0.011621211205850092
950,0.3905266011615833,0.030955922993260852
951,0.8913980312594121,0.02974276725219101
952,0.8905125412358084,0.02839728752519248
953,1.592497310441753,0.041706617329366764
954,1.3465552812821089,0.09113553872747322
955,0.6298732615980918,0.05435262245312199
956,1.3386232224858448,0.04472447794475643
957,1.4153127323198766,0.05132201841362711
958,1.1998383480799235,0.04035191258950769
959,1.2456882452818274,0.047604755873579756
960,1.2537094596328326,0.037388467644812275
961,1.1728738689639635,0.03231067096929631
962,0.9355737432643005,0.1448368378765235
963,1.0367186445123195,0.08447789528938332
964,0.9448035980994688,0.03679127814571618
965,1.0084894649957576,0.04738713876123058
966,0.6356825048130132,0.031118940183975097
967,0.9940746068166383,0.03623832204012843
968,0.8482893704621133,0.03565239698925147
969,1.393404244183035,0.06482214570749226
970,0.8430808117787317,0.11963583981485008
971,1.1612753165766256,0.06133247362884169
972,1.162211408661956,0.059258315821846486
973,1.0732554652793127,0.06256276908672517
974,1.2360916461335894,0.041345914803878454
975,0.36432677960456167,0.025492966510713484
976,0.5157447751452632,0.03523495661763856
977,1.0860079942373047,0.04149183563881076
978,0.7642991839339323,0.03205602646067832
979,1.3546026325817535,0.05867773993859524
980,1.0499699332979127,0.04052419950596207
981,0.6095919549281584,0.03269380047917843
982,0.5486460497204851,0.030331333116547246
983,0.6848645860170868,0.03858911069362415
984,1.3837787304678593,0.0724827429509137
985,0.6240529318225445,0.02827043545898011
986,1.03889834122217,0.04125037187144222
987,1.2835289054017152,0.05825245426422343
988,0.5920866434896422,0.029390276435241225
989,0.6143304188062219,0.032746957864796894
990,1.1848937011123521,0.042778847521375035
991,1.1678555613430341,0.03169436606613181
992,0.3276983528383939,0.08112831685863066
993,1.0810851968059751,0.049575455245874527
995,0.6144197139307825,0.028378237202085065
996,1.3105327829560505,0.04339445792328094
997,1.0559930589128412,0.04303183453157862
998,1.2066375507145501,0.04498095171080921
999,0.6631159427101196,0.02424815884545388
1000,0.8563214585231447,0.03901928023523813
1001,0.8547597610876766,0.03944597687251732
1002,0.8549785907289297,0.03794151434882282
1003,0.8543426907162218,0.03918087268408719
1004,0.8545927695914158,0.03935436546021364
1005,0.49693985904032706,0.022947576029596472
1006,1.0069237233862351,0.04115502278448785
1007,0.5910540312081723,0.03151725472430374
1008,0.2719406269781501,0.016682921873001615
1009,0.4700520136519961,0.04847543222537223
1010,0.6913368017810322,0.03227585061679935
1013,0.8440905028979073,0.03707225629286016
1014,0.8440313694337503,0.03690172157544148
1015,0.8454527536903141,0.03508113254096285
1016,0.8436236380337765,0.03640031133339594
1017,0.9211307043960093,0.1449002154322543
1018,0.8103798232393452,0.03364882279671161
1019,0.9976153520542741,0.06789111328895388
1020,1.3230195514309946,0.06296022785407392
1021,0.4666474064360234,0.024520561550414467
1022,0.21078996882659345,0.014399818182193568
1023,1.2720259378866572,0.06852594576868264
1024,1.4885983601163246,0.04111169294247137
1025,0.49517379274552353,0.017640394390737564
1026,1.2593085672133602,0.03685953964128298
1027,0.925049488058204,0.03718057542308923
1028,0.9260205709288992,0.03595135422103209
1029,1.1758963647728538,0.11398377705621471
1030,1.1787566963632248,0.1142999876722435
1031,0.24786350664914522,0.03042646575587204
1032,1.2712161004338247,0.06873162290168151
1033,1.4700878739184455,0.12931860502202006
1034,0.5546784402234523,0.029051010991923625
1035,1.279735216128054,0.10547691172802211
1036,1.2596692787211927,0.047572961127903636
1037,0.6314743294065515,0.03590325754080594
1038,0.5128262555576077,0.017555540134578485
1039,1.173247895929321,0.05278834917136052
1040,0.41229846887538196,0.032207234991405494
1041,1.0086188730451504,0.03377079265436031
1042,1.2496201649310397,0.04303621078411123
1043,0.9480019143575585,0.0393954632545172
1044,1.0821957107400975,0.06382512362552485
1045,1.3491329821769233,0.03211122903296233
1046,1.3482450044813934,0.03127114287416644
1047,0.4577579817854512,0.029373664297285024
1048,0.42169969119858036,0.03217242223905265
1049,0.19452745396422308,0.037088391776264766
1050,0.4133233761375968,0.01941170472757315
1051,0.4127579206845876,0.018707613348086915
1052,0.4134367280148359,0.01899607343850943
1053,0.4129649428076921,0.019179410270059243
1054,1.3132617358639047,0.27400468524330496
1055,0.7302267840439525,0.02519887577787502
1056,0.7300712502010596,0.025762995027002012
1057,0.7297151059258712,0.025125328818896762
1058,0.3026518286810757,0.02017381116686989
1059,0.17961640188688344,0.03204221330407692
1060,0.9456314009608663,0.05150563951301786
1061,1.0370541024900264,0.03183384510235298
1062,1.0379815769923975,0.032516570614777904
1063,1.0384115308897823,0.03291271554773405
1064,0.4969892908044465,0.0284999380919904
1065,0.49581098822285075,0.028395726014874636
1066,0.7750782118482695,0.07842335368035086
1067,0.44049144363340476,0.020915829972084497
1068,0.12710105962260534,0.09071677412957872
1069,0.12775671097235045,0.09093913508840792
1070,1.4213282967191712,0.15076073157404982
1071,0.4152048381634756,0.025581473813392302
1072,0.7206096666299485,0.028076384133509606
1073,1.0867967375258987,0.03345296818510881
1074,1.0921295905830688,0.04398975720932792
1075,0.7797878194934849,0.029620793189692657
1076,1.2838013727698456,0.03272305594920826
1077,0.9598012810318002,0.03817526363566635
1078,0.5211201303804781,0.036153258235535314
1079,1.2002445679991316,0.044636917200175354
1080,1.3662865248066605,0.4424912937945519
1081,1.333495643577772,0.37541502862350146
1082,1.339542476305813,0.41098529069020406
1083,0.44322146621336855,0.04526449701187951
1084,1.4087516217594884,0.3397274455670405
1085,1.4065565380783596,0.2718947369446455
1086,1.2427964389420547,0.46937302230409295
1087,0.10511548922278155,0.1532112682601232
1088,0.1129299750819918,0.1582138295732687
1089,0.11169882413405856,0.14925229566774473
1090,0.8353337766547025,0.10797598946264278
1091,1.1904831743809337,0.08657322203717743
1092,0.8289229264634155,0.030981246937666483
1093,0.8281222493182964,0.030374072574428524
1094,0.8294933097520035,0.031321697832962035
1095,0.9560017544600234,0.035625147628458684
1096,0.956387440800762,0.03721566590338836
1097,0.9023742462635187,0.030237183394092208
1098,1.3841634677922336,0.041654307952491296
1099,0.882555746837482,0.058905621777709555
1100,0.9818372289656301,0.03878747108183572
1101,1.2676500407526925,0.0325094754987012
1102,1.2814574422713518,0.04328806792590685
1103,0.9635562689541757,0.03812010308003691
1104,1.0868515636193394,0.05605293354613087
1105,0.8938362364837673,0.0333446018273144
1106,0.85244213806869,0.17696087751299824
1107,0.9090327221571461,0.0449690098978119
1108,0.8579762761699559,0.03901029783921198
1109,0.8696258510857521,0.029933077962852373
1110,0.8699979801249519,0.029932208491134808
1111,0.9365402705567197,0.04063128121758695
1112,0.9192866273433642,0.03600780598780972
1113,0.9938036816961309,0.0520113219779517
1114,0.11146488993703206,0.08742463444466854
1115,0.42673776670236113,0.014512870211567464
1116,0.6820653995455579,0.03703811698404578
1117,1.4207333616914066,0.05101962342224973
1118,0.1359474120341496,0.07117564452353826
1119,0.13316646494856565,0.06966345190279077
1120,0.13581703033748863,0.07068834140599252
1121,1.394013255816862,0.41076277935236954
1122,1.3910021997244217,0.40301512935582584
1123,1.1058203314683372,0.08878596824044353
1124,1.3597551557725098,0.0787370207838736
