4679.512053711388 2.6261241816505305 -0.13558035961272477 1.5271938685767643 1.2396409174734901 9.779530820654678
191.13120310767735 0.3710348997854111 0.2676043511284639 0.32883329146905643 0.23786637364729277 5.212721214946271

::::::::::::::::::::::::::::::::::::::
goodRGB5816
::::::::::::::::::::::::::::::::::::::

---------------NUTPIE----------------
NN - mass - RGB stars. 16, 1000, 4, target_accept=0.95. 20TD still.
target_accept= 0.95
/Users/user1/miniforge3/envs/bhs_env/lib/python3.11/site-packages/pymc/pytensorf.py:958: FutureWarning: compile_pymc was
 renamed to compile. Old name will be removed in a future release of PyMC
  warnings.warn(
/Users/user1/miniforge3/envs/bhs_env/lib/python3.11/site-packages/pymc/pytensorf.py:958: FutureWarning: compile_pymc was
 renamed to compile. Old name will be removed in a future release of PyMC
  warnings.warn(
_____________________________________________________________________________________________________________ 9004/10000
____________________________________________________________________________________________________________ 10000/10000
/Users/user1/miniforge3/envs/bhs_env/lib/python3.11/site-packages/arviz/stats/diagnostics.py:596: RuntimeWarning: invali
d value encountered in scalar divide
  (between_chain_variance / within_chain_variance + num_samples - 1) / (num_samples)
/Users/user1/miniforge3/envs/bhs_env/lib/python3.11/site-packages/arviz/stats/diagnostics.py:991: RuntimeWarning: invali
d value encountered in scalar divide
  varsd = varvar / evar / 4
AZ Stats for ESS Bulk < 400:
                   mean     sd  hdi_3%  hdi_97%  mcse_mean  mcse_sd  ess_bulk  ess_tail  r_hat
act_1[3732, 12]  0.200  0.272  -0.006    0.731      0.131    0.075       5.0      28.0   2.11
act_1[1111, 12]  0.242  0.267  -0.005    0.731      0.126    0.063       5.0      32.0   2.06
act_1[3323, 12]  0.229  0.258  -0.006    0.718      0.123    0.063       5.0      30.0   2.14
act_1[3285, 12]  0.199  0.300  -0.008    0.782      0.146    0.085       5.0      32.0   2.04
act_1[3836, 12]  0.284  0.235  -0.006    0.644      0.106    0.027       5.0      43.0   2.02
...                ...    ...     ...      ...        ...      ...       ...       ...    ...
act_out[804]    -1.211  0.063  -1.325   -1.089      0.003    0.001     353.0     888.0   1.02
act_out[1250]   -1.272  0.070  -1.409   -1.141      0.004    0.001     355.0     764.0   1.02
er_log__        -1.743  0.025  -1.791   -1.698      0.001    0.000     368.0    1660.0   1.01
er               0.175  0.004   0.167    0.183      0.000    0.000     368.0    1660.0   1.01
w_1_2[9, 5]      0.023  0.122  -0.195    0.264      0.006    0.005     398.0     470.0   1.01

[139187 rows x 9 columns]

/Users/user1/miniforge3/envs/bhs_env/lib/python3.11/site-packages/arviz/stats/diagnostics.py:596: RuntimeWarning: invali
d value encountered in scalar divide
  (between_chain_variance / within_chain_variance + num_samples - 1) / (num_samples)
rhats:  [('Omega_cholesky-cov-packed__', 1.0105097674799375), ('X_latent', 1.0094815594036253), ('w_in_1', 2.19293740192
51684), ('w_1_2', 1.2861753541454561), ('w_2_out', 1.2437181535176844), ('bias_1', 1.8722680281513255), ('bias_2', 1.108
9416328409178), ('bias_out', 1.022368391451036), ('er_log__', 1.0135772591945194), ('Omega', 1.0105097674799375), ('er',
 1.0135772591945194), ('Omega_corr', 1.0057200631276861), ('Omega_stds', 1.0113702500168666), ('ann_input', 1.0094815594
036253), ('act_1', 2.2032133272527448), ('act_2', 1.2030045423861868), ('act_out', 1.016607327567989)]
Computing ... ──────────────────────────────────────── 100% 0:00:00
/Users/user1/miniforge3/envs/bhs_env/lib/python3.11/site-packages/arviz/stats/stats.py:797: UserWarning: Estimated shape
 parameter of Pareto distribution is greater than 0.70 for one or more samples. You should consider using a more robust
model, this is because importance sampling is less likely to work well if the marginal posterior and LOO posterior are v
ery different. This is more likely to happen with a non-robust model and highly influential observations.
  warnings.warn(
loo trace:  Computed from 4000 posterior samples and 4338 observations log-likelihood matrix.

         Estimate       SE
elpd_loo -1097.15    68.72
p_loo     2255.10        -

There has been a warning during the calculation. Please check the results.
------

Pareto k diagnostic values:
                         Count   Pct.
(-Inf, 0.70]   (good)     4082   94.1%
   (0.70, 1]   (bad)       245    5.6%
   (1, Inf)   (very bad)   11    0.3%

/Users/user1/miniforge3/envs/bhs_env/lib/python3.11/site-packages/arviz/stats/stats.py:797: UserWarning: Estimated shape
 parameter of Pareto distribution is greater than 0.70 for one or more samples. You should consider using a more robust
model, this is because importance sampling is less likely to work well if the marginal posterior and LOO posterior are v
ery different. This is more likely to happen with a non-robust model and highly influential observations.
  warnings.warn(
starting parallel prediction on 32 worker(s)_
finished chain 2/4
finished chain 3/4
finished chain 4/4
finished chain 1/4
means:  [1.30641224 1.27383196 1.6541668  ... 1.00929286 1.33881671 1.01277391]
stdvs:  [0.07174368 0.06244885 0.08890405 ... 0.01441767 0.06909922 0.01876131]
test set:  2404    1.3446
1944    1.2960
1557    1.6753
5260    1.2260
4956    1.0850
5016    0.9570
1579    1.1301
2825    1.4935
5334    1.2650
4570    1.2670
3440    1.1926
4782    1.0870
3967    1.2434
921     1.3784
1863    1.7277
2553    1.2661
502     1.0234
1225    1.6500
3481    1.2546
1227    1.1525
788     1.4986
4833    1.0960
194     1.5105
4964    1.2070
2872    2.2196
2023    1.0939
4082    1.0715
720     1.7300
3793    1.0650
1447    1.0562
4336    1.1140
1524    1.1988
3405    1.1125
1433    1.6050
4569    1.2070
3402    1.0915
186     1.4913
4850    0.9130
2054    1.0445
5092    1.0020
5263    1.4010
1084    1.5292
2523    1.0601
3426    1.0042
3031    0.9850
4252    1.0130
2548    1.0939
1069    1.1107
4065    1.1261
2683    1.1931
3546    1.4504
3257    1.2695
3267    1.3816
1005    1.0609
2103    1.2269
4476    1.1380
1032    1.7367
4436    1.1320
4003    1.2302
4291    1.3560
4811    0.8420
842     1.5212
4024    1.3884
4775    0.8990
4092    1.3160
3282    1.1676
4347    1.1470
1786    1.1500
838     1.0705
3016    1.3485
2655    1.4609
2331    1.9733
4202    0.9910
1369    1.1051
2126    1.1680
4822    1.2860
659     1.0953
1339    1.2561
770     1.3974
4367    1.6910
4156    0.8140
2559    1.3381
4467    0.8990
676     1.0535
569     1.2073
4363    1.0030
546     1.0155
1125    1.2974
5187    0.8310
4352    0.9610
3472    1.4292
3015    1.5483
1573    1.4182
4969    1.1760
428     1.1226
4435    1.1400
2885    1.9484
3567    1.6747
3390    1.6877
2806    1.2150
1887    1.2485
2552    1.2858
4652    1.1510
4036    1.6093
2489    1.0131
4015    0.9140
4530    1.2350
2211    1.3189
2176    1.1953
2334    1.0263
1209    1.1546
3875    1.0383
2440    0.9875
1086    1.4270
530     1.2935
2210    1.6480
3254    1.1284
39      1.2003
2196    1.4485
2203    1.5596
4993    0.8760
112     1.4504
2079    1.3648
417     1.2373
319     1.1853
4633    1.2590
3191    1.2247
1344    1.1166
3188    1.1449
2798    1.4706
367     1.1978
1419    1.5812
4377    1.1930
778     1.1206
4032    1.0729
4470    1.0060
5030    1.0900
2801    1.0882
531     1.5667
4314    1.2720
5365    1.1360
3331    1.1513
4014    1.5660
1309    1.0346
1692    1.7651
1410    1.1582
2904    1.4547
666     1.2960
2004    1.5983
4370    0.9180
3110    1.2288
556     1.1107
1322    1.0279
1961    1.0804
3003    1.6437
716     1.3612
54      1.3232
1563    1.0931
548     1.0769
3992    1.2199
3222    1.1757
704     1.1485
1198    1.0803
264     1.1123
4602    1.3130
790     1.2785
4040    1.3429
2867    1.0793
2135    1.6057
3215    1.2201
4872    1.2060
2843    1.9273
4243    0.9450
5074    1.1520
4870    1.1230
3235    1.5997
4450    1.0600
3897    1.1859
507     1.4736
3907    1.0648
1022    1.5839
1576    1.5168
3716    1.1501
2750    1.4652
3952    1.2783
4011    1.3806
3207    1.1996
89      1.3626
4388    1.0960
2561    1.1244
3568    1.1242
5238    1.1610
8       1.3773
1473    1.1250
5192    1.2210
247     1.5924
3230    2.2896
2532    1.1649
5329    1.1070
2690    1.6108
1782    1.7950
1325    1.3595
2944    1.1888
4488    0.9610
1779    0.9813
1740    1.2634
3100    1.2286
3988    1.2387
5417    1.1000
959     1.4068
3131    1.0800
570     1.1788
1658    1.4470
412     1.1081
5306    1.1840
2435    1.0196
2177    1.6093
3174    1.2638
1928    1.3572
3428    2.2552
1161    1.5624
280     1.2356
3301    1.0246
2104    1.2889
4123    1.0580
1925    1.1971
3799    1.4538
4528    0.7560
4320    1.3350
3695    1.3543
3760    1.6377
2346    1.4868
5202    0.9670
1970    1.2670
1947    1.1494
1333    0.9996
1335    1.4176
1152    1.1743
2870    1.2877
3358    1.1386
1890    1.0183
4267    1.0180
2005    1.4515
2356    1.0452
3333    1.0866
4056    1.0958
446     1.2335
580     1.3479
4046    1.1339
5307    1.2280
5276    1.4890
1910    1.0634
159     1.0924
4441    1.1780
5251    0.9870
1959    1.3566
308     1.1534
4233    0.9090
5079    1.1060
447     0.9990
3473    1.7220
2648    1.0347
1085    0.8942
3986    1.1662
609     1.2463
5157    0.9630
156     1.1906
1440    1.2400
1130    1.2712
1725    1.0296
4835    1.0310
693     1.3554
694     1.0405
3511    0.9919
1340    1.5042
12      1.7032
3966    1.0739
5163    0.9700
5041    1.1090
2421    1.0307
3582    1.3155
4424    1.0940
1135    1.2740
661     1.1810
31      1.1293
3202    2.3029
4951    1.1170
3687    0.9938
4786    1.0260
4114    1.2270
2128    1.1637
1256    1.1658
3680    1.1344
3278    1.1438
3330    1.0350
4521    1.5340
4396    1.3340
854     1.3300
4383    1.2020
2457    1.1185
4448    1.1930
5405    1.0270
2074    0.9873
1060    1.0629
765     1.5998
355     1.3838
3580    1.5361
4360    1.0200
3718    1.1867
4794    1.1310
2813    1.2065
522     1.1459
3999    0.9478
632     1.4841
2322    1.6239
5086    1.0010
4648    1.0210
2076    1.0970
4907    0.8500
2544    1.3015
4184    1.7680
968     1.4519
1979    1.3674
3198    1.4924
2603    1.0715
2138    0.9815
3093    1.1000
2587    1.3956
2107    1.0785
2025    1.6463
273     1.3268
2898    1.2663
2056    1.9187
3544    1.2384
3337    1.2716
4415    1.1700
998     2.1280
4683    1.2900
97      0.8499
306     1.2636
1655    1.5396
2059    1.4875
1792    1.4808
3277    1.0150
2491    1.4849
965     1.1889
1709    1.1381
916     1.0116
4299    1.0500
784     1.3926
3789    1.2566
2922    1.1182
4315    1.0810
3018    1.0161
2215    1.5719
2199    1.3110
3829    1.1189
1281    1.3181
4410    1.2000
2524    1.5303
2820    1.2566
2906    1.1624
326     1.1589
4949    0.9160
5037    1.0460
2703    1.3114
1160    1.3742
643     2.0494
205     1.4526
909     1.2646
2127    1.2064
5208    1.0500
1213    0.9571
1264    1.1132
4254    0.9260
1915    1.1563
2554    1.0750
2873    1.0103
717     1.3755
4737    1.5230
1626    2.2358
4465    1.7720
2504    1.4580
90      1.2426
4904    0.7980
2305    1.2912
505     1.0953
5341    1.0190
2967    1.4273
1712    1.1558
538     1.4957
57      1.4218
2283    1.1999
3096    1.0090
1457    1.0301
1631    1.5220
2180    1.1587
4672    1.0620
4657    1.0910
3344    0.9679
1287    1.1120
3929    1.0750
1646    1.4482
142     0.9697
5120    1.0060
3041    1.1352
918     1.3613
4231    1.3970
4828    1.1000
583     1.1110
1245    1.0530
1163    1.1677
4130    1.2350
2265    1.1382
2574    1.2576
1617    1.2318
2924    0.9904
2262    0.9946
1913    1.3605
2317    1.0698
5210    0.9240
3615    1.0405
3102    1.1484
4529    1.0270
3011    1.1678
4992    1.0450
2420    1.7516
2169    1.1716
5166    1.0260
1508    1.0070
4884    1.1120
4305    1.4590
3007    1.1015
1578    1.2000
4674    1.0710
4887    1.0240
116     1.4725
183     1.1336
4653    1.0170
2160    1.4886
1864    1.3815
1633    1.6796
4589    1.0250
3873    1.1145
392     1.0206
3185    0.9826
1771    1.0509
4211    1.0240
4509    1.3310
4581    1.2820
2145    1.1808
2958    1.0541
1155    1.3184
382     0.7632
2634    1.5369
5337    1.0540
3946    1.0609
4662    1.1630
3451    1.8743
641     1.2257
327     1.3722
899     1.6137
4459    1.1060
567     1.8691
43      1.2653
783     1.4078
1966    1.1139
1288    1.0476
1592    1.4752
2840    1.2255
5213    1.2130
2009    1.2332
1555    1.2583
1092    1.2661
3891    1.4880
4868    0.9820
1416    1.3490
3455    1.2218
3119    1.1665
2037    1.2209
3831    1.2212
872     1.2986
3752    1.2189
3545    1.4189
5320    1.1670
4183    1.0170
3944    1.1992
2705    1.0203
4064    1.6783
4445    1.1840
3830    0.9964
2167    1.0539
3463    1.0421
1112    1.1273
1263    1.0134
2036    1.5687
5185    1.1260
2246    1.9077
5054    1.1460
2431    1.1631
3236    1.2630
3164    0.9867
4621    1.0050
363     0.9734
4146    1.1800
4489    1.2040
3289    1.2214
3514    1.1632
2204    1.1075
4452    0.9170
472     1.4241
4526    1.3750
2349    1.0158
1534    1.1843
1681    1.5003
3490    1.6304
5274    1.2500
2217    0.9707
1804    1.6775
1962    1.1789
4741    1.1390
2182    1.6693
2969    1.4769
231     1.3160
2231    1.1451
1974    1.6424
2238    1.2542
3693    1.1944
2730    1.0663
1308    1.5664
4295    1.0040
1835    1.4614
1560    1.7335
687     1.2164
3087    1.0887
561     1.2162
1812    1.1362
4745    1.1400
3884    1.3188
860     1.2039
356     1.2602
3749    1.3601
4578    1.4880
2495    1.2978
3823    1.3193
160     1.1013
1489    1.1347
4327    1.2380
5194    1.2720
1723    1.0694
621     1.3412
2848    1.1526
1731    0.9886
221     1.2338
3620    1.9936
391     1.2714
420     0.9474
1051    1.5673
2926    1.0881
4147    1.4120
187     1.0541
1242    1.2565
3422    1.7255
3506    1.5168
3401    1.0753
3614    1.0219
2672    1.6438
1279    1.1372
696     1.6362
1492    2.1582
3001    1.1909
3388    1.1027
721     1.5976
646     1.2960
4094    1.1460
3997    1.5054
3532    1.1813
1133    1.5267
3776    1.0439
189     1.0397
2069    1.1448
536     1.2264
1903    1.6884
1128    1.4319
84      0.9863
2905    1.0287
3877    1.8733
3554    1.2123
2303    1.2265
3299    1.3434


...


Name: M, dtype: float64
MAE:  0.057795653195638674
MARD 4.659031692104318
MRD -0.883551553583172

Peak Memory: 2834.97 MB
CPU time used: 37366.67533 s
Total run time: 8727.34183 s
><><><><><><><><><><><><><><><><><><><><><><><><><><
><><><><><><><><><><><><><><><><><><><><><><><><><
Salve Regina
