ID,Teff,logg,FeH,logL,eTeff,elogg,eFeH,elogL,M,R,eM,eR
KIC11389393,-0.08540448810422384,-0.4534121270093325,0.9505980503855581,0.35299917611323234,0.13871223648427122,0.08465249057392801,0.49772204125656855,0.10737171201798049,0.725196894447327,0.4846987656253257,0.5257459484101906,0.16530010073071943
KIC6529109,-0.8588302915316756,-0.6142674879137161,0.6121470623310914,-0.06274894729817593,0.18915304975127895,0.05361845363479409,0.4927448208440029,0.11718951982523655,-0.27008470425441483,0.3122111678099524,0.2547425441216565,0.0714828118921589
KIC8006161,-1.5271710673195278,2.0907834979616466,1.9460421328986952,-2.250970375038369,0.1618309425649831,0.0353881793989641,0.49772204125656855,0.09442141023357416,-1.2569554725445922,-1.7112699634449418,0.1420495802841922,0.02352103606573274
KIC9821513,0.7048349197455637,-0.2979186114684301,-1.2742194740313033,0.6338763446080836,0.13661053593147923,0.07317600459914975,0.5026992616691343,0.11311507043939574,0.2018563355055658,0.19348593814482487,0.3847109425907166,0.12925256354799847
EPIC201820830,0.43161384788260526,-0.21749093101624065,-0.09461823625323594,0.2992851786687918,0.14922073924823118,0.08578952581567054,0.5474942453822254,0.10506010799533225,0.1971836519435863,0.11508248459238256,0.3738146849584006,0.1120049336463464
KIC11862119,0.11846046551659901,0.20073300733515478,-1.6375565641485985,-0.389923062318309,0.11769523095635134,0.09651321654262934,0.7465830618848528,0.12004896048012738,-0.363538375494015,-0.3777392234515415,0.654175698677201,0.19040838719878886
KIC8656342,-0.29557454338342265,-0.09953033301969236,0.0049261719980777914,-0.12335749101418024,0.14922073924823118,0.08928610309859246,0.4927448208440029,0.1217811165180681,-0.41493789467579467,-0.15148925748592185,0.4349938774501706,0.09975117710482446
KIC11188219,-0.4006595710230221,0.742279389046575,0.696759809344708,-0.7733012758781045,0.13030543427310326,0.09364060358129392,0.49772204125656855,0.1139642878086334,-0.44297399604767473,-0.7719965898866806,0.29226968475586856,0.0784125570673492
KIC8216936,0.4673427572800691,-0.4641358177362901,-0.27379817110560056,1.2527232110718574,0.10508502763959941,0.12111929398789198,0.49772204125656855,0.11432722502877024,0.6083798053978263,0.4645378775689831,0.4605777760300441,0.19521673475586493
KIC12069449,-0.9765255224880268,1.3358356707837433,0.5026482132546464,-1.5311279233234918,0.10508502763959941,0.03243916444905042,0.0995444082513137,0.06134367193065663,-1.2125649787057822,-1.3282130903744374,0.09322003706150114,0.02016088805634235
KIC6363365,0.14157917159731087,0.45273973941868545,-2.6330006466617353,0.14307192286763715,0.1597292420121911,0.08578952581567054,0.6221525515707107,0.2883561512404677,-0.5971725535930146,-0.6241500774735038,0.5607220274376008,0.12320542701098103
KIC6106415,-0.3733374638367262,1.0291381159927215,0.054698376123734654,-0.9798616820709061,0.1618309425649831,0.0471842391986188,0.49772204125656855,0.08895734815888269,-0.8396848304597772,-1.0529049634717178,0.21307437042628832,0.0403217761126847
KIC9641837,0.11635876496380702,-1.2469652408042857,-0.5475452937967132,0.6844618455535346,0.1071867281923914,0.05994725358790987,0.49772204125656855,0.12197896199216902,0.26260122181130646,1.129847183428281,0.269743755808166,0.10217347736355717
EPIC206009487,-0.6066262251966369,-0.013740807204021741,-0.9407457063894024,-0.8460668306454167,0.14922073924823118,0.06434214436175291,0.3981776330052548,0.11448015294791987,-1.0177140741712156,-0.4449421836393494,0.23363417809900036,0.08960394691707711
KIC5095850,1.3059212778440723,-1.171899405715575,0.7515092338829307,1.528718850267912,0.178644546987319,0.10455598458784847,0.7465830618848528,0.12084213001344536,0.8513593506207868,1.3023347812436543,0.8410830411564012,0.29121282748050065
EPIC204624076,0.3496475263237177,-0.5552871889154419,-0.393251461007177,0.6959897886870361,0.14922073924823118,0.07506583508871173,0.5474942453822254,0.10579534604988974,-0.12990419739501446,0.31669136515580626,0.23363417809900036,0.08960394691707711
KIC9812850,0.4042917406963094,-0.23893831247015593,-0.3683653589443486,0.32073655726160716,0.09877992598122344,0.03433256200426168,0.49772204125656855,0.11146369289757987,0.42614514648060636,0.22484731956580187,0.26967394079505,0.06136981679369662
KIC12011630,-0.8357115854509637,1.4982995852971717,-0.14439044037889276,-1.636345074835982,0.178644546987319,0.08847044849741025,0.7465830618848528,0.12057457449668582,-1.858797115327617,-1.5649915201028133,0.4672683561980007,0.08960394691707711
KIC8174981,-0.31448984835855054,-0.919892673632042,-0.2389576282176408,0.5863576059516831,0.11139012929797537,0.06718372983984239,0.49772204125656855,0.11333903287695289,-0.09719541246115387,0.661666560786553,0.2588742057022496,0.09433215313694374
KIC11098033,0.301308413609502,-1.2147941686234103,-0.4430236651328339,0.7794458732396573,0.13871223648427122,0.13672705676872493,0.8710135721989949,0.12025708247988967,0.6177251725217863,1.2799337945143845,0.8177196233465012,0.23521036065732742
KIC11127479,-0.4553037853956138,0.667213553957862,1.2492312751394992,-0.6481114390289954,0.11979693150914333,0.055807839401097924,0.3589124681358322,0.11624832954581395,-0.40091984398985514,-0.7092738270447266,0.27587741455506243,0.054102064480279
KIC7206837,0.3727662324044296,0.3883975950569349,0.8908714054347698,0.027880979700965924,0.1240003326147273,0.03596835215274571,0.49772204125656855,0.1122465464338776,0.5009080834722865,-0.2590139937864145,0.23519106982178234,0.03988382296659054
KIC11817562,0.06801965224959129,-1.579399653340008,0.5474431969677376,1.350767412938209,0.12189863206193531,0.13045932828090326,0.49772204125656855,0.11921449328182138,0.935467654736427,1.7660352065395282,0.36201898392056375,0.22069524845905833
KIC9592705,-0.08540448810422384,-0.7643991580911397,1.32886680174055,0.6906814361833022,0.19335645085686293,0.018766458772177932,0.3589124681358322,0.052636341080177305,1.2205013520172072,0.9752803749963231,0.11681708904950018,0.030241332084513527
KIC8516041,-0.0013364659925443156,0.763726770500495,1.1496868668881854,-0.5759504904339133,0.13661053593147923,0.09919413922436905,0.7465830618848528,0.12634683095165383,-0.7373530604524149,-0.8705609314954655,0.584085445247501,0.13440592037561566
KIC4914923,-0.8609319920844675,0.49831542500826376,0.6519648256316168,-0.8911148802072772,0.1618309425649831,0.0471842391986188,0.49772204125656855,0.10548159755818709,-0.8840753242985876,-0.7437713466078015,0.2530258148812174,0.05376236815024627
KIC5184732,-0.7747622694199959,0.8109110096991133,2.0455865411500085,-0.9488788670423695,0.1618309425649831,0.0471842391986188,0.49772204125656855,0.09578528340776693,-0.46680468221377325,-0.824414898833171,0.23083056796181234,0.040321776112684705
V636_Cen A,-0.6612704395692286,1.8253721524694153,-0.741656889886775,-1.5696292380957175,0.178644546987319,0.021447381453917634,0.3981776330052548,0.0829502482816189,-0.9149150358076553,-1.4888281652232978,0.023363417809900037,0.008960394691707712
KIC8491374,0.6417839031618041,-0.6196293332771948,0.25378719262636207,0.5982764513151598,0.13661053593147923,0.1233224433600264,0.6221525515707107,0.11331738727338694,0.6177251725217863,0.5855032059070373,0.7709927877267012,0.21280937392805815
KIC9715099,0.021782240088167554,-1.7348931688809128,-0.8412012981380886,1.267689501591975,0.11139012929797537,0.10187506190610876,1.7420271443979898,0.11684193017004318,0.5709983369019872,1.7951564892875789,0.7476293699168012,0.23521036065732745
KIC9204313,-0.760050365550452,-0.08344479692925352,-0.5326136325590162,-0.7345097820000047,0.11979693150914333,0.06544966363227528,0.49772204125656855,0.1168559670659765,-1.0737862769149757,-0.40462040752666467,0.28142407182789103,0.07487865456062123
GX_Gem B,-0.10221809252655975,-1.0700243438094657,-0.3434792568815201,0.785450169362037,0.21017005527919883,0.026809226817397044,0.49772204125656855,0.0966399752070768,1.0242486424140478,1.2440922157475547,0.046726835619800074,0.026881184075123136
EPIC206088888,-0.5246599036377494,0.742279389046575,0.15424278437504838,-0.7249837043876278,0.14922073924823118,0.06434214436175291,0.3981776330052548,0.11397107213185102,-0.7840798960722151,-0.8705609314954655,0.2803610137188004,0.06720296018780783
KIC4450844,-0.5183548019793734,-0.11561586911013119,-0.42311478348257114,-0.3524359862279414,0.1240003326147273,0.038664816778267296,0.3589124681358322,0.11613804028108017,-0.8962243015597353,-0.3150164606095875,0.21868655757008573,0.05711153422813848
KIC7530690,1.3059212778440723,1.1122467191266538,0.054698376123734654,-0.09132739281827906,0.13030543427310326,0.07238491240697202,0.7465830618848528,0.11261837758094602,0.477544665662387,-0.7809569845783884,0.3738146849584006,0.08960394691707711
KIC8106950,-0.24513373011641496,-0.49630688991716776,-1.662442666211427,-0.07285830800821966,0.13240713482589525,0.17191416601121498,0.5026992616691343,0.12251169517076357,-0.9055696686836953,-0.028283830474940947,0.298756807780507,0.19412331067551927
KIC12253255,0.5093767683359088,-1.1450901788981762,0.7515092338829307,1.2452508098715591,0.13450883537868724,0.09651321654262934,0.7465830618848529,0.1159963854593216,1.0849935287197874,1.3023347812436543,0.7009025342970012,0.2240098672926928
KIC6232600,0.4631393561744851,0.8119833787718067,-1.2095156086679493,-0.45205350633208113,0.14711903869543919,0.05520357673554999,0.49772204125656855,0.10356505902399467,-0.5411003508492555,-0.8436797474203425,0.27604449121416924,0.05532635591934345
KIC10514430,-0.9050677036930993,-0.2282146217431983,-0.3136159344061261,-0.4397037219742002,0.20596665417361484,0.021447381453917634,0.3589124681358322,0.07013510511992604,-0.8822062508737958,-0.22093231634665642,0.14251684864039021,0.036961628103294314
KIC3967859,-0.0076415676509202805,0.6457661725039467,-1.6126704620857701,-0.857188620740081,0.16393264311777508,0.0847782190510417,0.49772204125656855,0.12078952264680219,-1.1205131125347758,-0.9064025102622965,0.2808790664731639,0.07614024868501788
KIC2991448,-0.7957792749479159,-0.5874582610963172,-0.16927654244172122,-0.336683552137743,0.14711903869543919,0.04083459771698753,0.49772204125656855,0.08067263334285107,-0.6298813385268751,0.15316416203214012,0.25287348003118143,0.0923163878898863
KIC7622208,0.822530150701915,-0.5123924260076066,0.25378719262636207,0.7748729988173977,0.20806835472640683,0.07238491240697202,0.7465830618848528,0.1288115724829462,0.6644520081415864,0.5183002457192294,0.700902534297001,0.1904083871987889
KIC5773345,-0.0013364659925443156,-0.5392016528250031,1.5229783978306117,0.4972851902869694,0.12820373372031127,0.03391128762041636,0.49772204125656855,0.11085999884860578,1.2158286684552277,0.7512705077036301,0.21499849868644474,0.042824201039067575
KIC3952307,-0.009743268203712269,-1.0485769623555479,-0.33352481605638873,0.7287020227464956,0.2480006652294546,0.07468186410476052,0.49772204125656855,0.10513068225546258,0.12709339851388562,0.8677556386958305,0.305360271494311,0.1073919438903401
KIC10074716,-0.31659154891134256,0.4581015847821666,0.8012814380085874,-0.41332745523537157,0.19125475030407094,0.10606176407990975,0.49772204125656855,0.11318062935734603,-0.143922248080954,-0.5009446504625223,0.38861890201206517,0.10319775309100132
KIC9468847,-0.31659154891134256,-0.5660108796423995,-0.28872983234329763,0.21904433493848818,0.1092884287451834,0.09162325373476322,0.49772204125656855,0.11793671486153298,-0.363538375494015,0.24052801027629064,0.2709350711072279,0.11726427999694845
KIC5512589,-0.8945592009291393,-0.2764712300145148,0.41305824582846407,-0.2736381377236575,0.11769523095635134,0.04187735101237636,0.49772204125656855,0.11267305449531465,-0.5411003508492555,-0.06860560658762568,0.20074621345383692,0.05650870856640656
KIC10923629,-0.041268776495592095,-1.4131824470721481,1.0352107973991747,1.3180361496134465,0.18284794809290297,0.08334751365798515,0.49772204125656855,0.1125083235072574,2.056911709611629,1.9922851725051478,0.6827524772546721,0.15958818949337766
KIC9289275,0.025985641193751532,-0.16387247738144295,0.7116914705824051,0.1280230115047396,0.10088162653401543,0.04746526914800329,0.49772204125656855,0.1155062005547291,0.4728719821004065,0.1755651487614094,0.3097228280882529,0.060191580561837425
KIC3425851,0.26978290531762217,0.7476412344100561,0.1741516660253111,-0.3923936810656631,0.178644546987319,0.04289476290783527,0.3589124681358322,0.07890254209984818,-0.32615690699817496,-0.7361550111198498,0.22896149453702036,0.036961628103294314
V565_Lyr B,-1.649069699381463,1.7610300081076646,1.647408908144754,-2.1599782940923684,0.26271256909899854,0.04289476290783527,0.24886102062828427,0.14167158483933526,-1.4896551139311962,-1.607553394888425,0.014018050685940022,0.02016088805634235
KIC8760414,-0.7180163544946123,1.210368489278327,-4.325255586934069,-1.4914592463396519,0.1618309425649831,0.029490149499136746,0.49772204125656855,0.058114253080621854,-2.038695432463847,-1.4986845993841762,0.11588255233710418,0.024417075534903514
KIC4465324,-0.7663554672088281,0.447377894055209,0.43794434789129244,-0.6783368186689619,0.1240003326147273,0.06478742403022675,0.49772204125656855,0.1182258106665031,-0.7887525796341955,-0.6734322482778963,0.3233794372567591,0.07843915496121542
EPIC204926239,0.021782240088167554,-1.5365048904321728,0.7515092338829307,0.8227352037451717,0.14922073924823118,0.06434214436175291,0.3981776330052548,0.12024199670680161,0.898086186240587,1.7055525423705018,0.23363417809900036,0.1120049336463464
KIC5686856,-0.18838781519103126,-0.5767345703693596,0.25378719262636207,-0.36837451029314083,0.11559353040355935,0.06434214436175291,0.8710135721989949,0.034274693200953575,-0.5037188823534153,0.20468643150945975,0.584085445247501,0.19040838719878886
KIC6593620,-0.8903557998235553,-0.37834629192061947,-1.0402901146407162,-0.4650392131291284,0.1261020331675193,0.08166919543397506,0.49772204125656855,0.11646249650991175,-1.2279848344603161,-0.24109320440299903,0.2580690517551388,0.09530717565885959
UX_Men B,-0.13584530137123157,1.0854374923092573,0.4528760091289895,-0.7524737785168853,0.21017005527919883,0.05361845363479409,0.49772204125656855,0.10029284190025632,-0.24204860288253474,-0.9265633983186391,0.03270878493386005,0.02912128274805006
KIC8776961,-0.9197796075626432,-0.4641358177362901,-0.37334257935691423,-0.27454425227814533,0.15132243980102314,0.050382927705228106,0.49772204125656855,0.12121344333796975,-0.8541701495019157,-0.028283830474940947,0.24392656616423122,0.07616335487951555
KIC9768011,0.8729709639689228,-0.7965702302720149,-1.0402901146407162,0.8018765420493978,0.1429156375898552,0.1260033660417661,0.8710135721989949,0.11462315564646362,0.477544665662387,0.7423101130119224,0.7476293699168012,0.29121282748050065
KIC11253226,0.8981913706024266,0.37445679711188756,-0.14439044037889276,0.379493703049264,0.1618309425649831,0.02654113454922307,0.49772204125656855,0.043265760348766065,0.7494948489696225,-0.16604989885994675,0.0710247901420961,0.030241332084513527
KIC9143749,-0.2934728428306307,-0.37834629192061947,-0.3534336977066515,0.08843804661952881,0.1597292420121911,0.07970956178597584,0.5026992616691343,0.1173291541837029,-0.45231936317163474,0.04339932705872081,0.2800390218434767,0.10319775309100132
KIC11083308,0.04069754506329545,-1.0110440448111915,0.04474393529860327,0.845451633943761,0.13661053593147923,0.12096874522887995,0.49772204125656855,0.11442090636944818,0.267273905373286,0.885676428079246,0.371508130012692,0.1783925960784469
KIC10385708,-0.37543916438951824,-0.37834629192061947,0.85603086254681,0.018795393037872483,0.11559353040355935,0.08888031155605826,0.49772204125656855,0.11633720726141583,-0.09719541246115387,0.17332505008848273,0.4269009205812229,0.10030373772886808
KIC_6131659 B,-3.0151750586962556,2.947770585649314,-0.7914290940124318,-3.972951289259427,0.22067855804315875,0.0468534195531626,0.49772204125656855,0.13395343604651916,-2.629789903054318,-2.349026055627238,0.023363417809900037,0.013440592037561568
KIC10351059,0.662800908689724,-0.09953033301969236,1.0501424586368717,0.5702194678350175,0.12189863206193531,0.07719571294536817,0.49772204125656855,0.1115484323443643,1.0382666930999873,0.29205027975360975,0.3391604968402104,0.10163039006055753
KIC10215584,-0.4616088870539897,1.3320823790293117,0.1791288864378768,-0.9684438041606745,0.11979693150914333,0.09162325373476322,0.49772204125656855,0.11941337849543783,-0.8401520988159752,-1.2312168178367011,0.29070012008310564,0.06511716781663189
KIC6837853,-0.6906942473083164,0.6135951003230691,1.0202791361614776,-0.7313269437206321,0.11979693150914333,0.11314180374432536,0.49772204125656855,0.11322265954878695,-0.4756827809815353,-0.7003134323530193,0.3591662072715888,0.11227854938876032
KIC3236382,1.2954127750801123,0.3294172960586607,-0.04484603212757904,0.3501497462876688,0.12189863206193531,0.07238491240697202,0.7465830618848528,0.11026352796316911,0.898086186240587,-0.10892738270031042,0.630812280867301,0.12320542701098103
KIC6508366,0.5976481915531723,-0.8126557663624537,0.10447058024939151,0.8666252867820567,0.09667822542843146,0.03433256200426168,0.4927448208440029,0.11098316053333325,1.3840452766865081,1.0850452099697425,0.2701590513198955,0.06781312205775077
KIC6521045,-0.8188979810286278,0.11494348151948418,0.7614636747080619,-0.52207511368262,0.1576275414593991,0.021447381453917634,0.3589124681358322,0.06102257098543358,-0.6532447563367747,-0.39341991416203026,0.09345367123960015,0.02352103606573274
V568_Lyr B,-2.762970992361217,2.5867541940834933,1.647408908144754,-3.3485173038444267,0.21017005527919883,0.04289476290783527,0.24886102062828427,0.12421113027403427,-1.9662688372531574,-2.0622934254925913,0.01869073424792003,0.013440592037561568
KIC10666592,0.2844948091871661,-0.4641358177362901,1.2641629363771962,0.6145534407470835,0.16813604422335907,0.04289476290783527,0.3589124681358322,0.0735804352100479,1.1644291492734482,0.6661467581324068,0.1915800260411803,0.036961628103294314
KIC4914423,-0.776863969972788,0.27579884242386776,0.9058030666724669,-0.6487093581705874,0.18494964864569496,0.021447381453917634,0.3589124681358322,0.07009713210320634,-0.6952989083945953,-0.5345461305564266,0.11448074726851018,0.02016088805634235
KIC11027406,0.07432475390796726,0.5170818837804407,-1.1348573024794641,-0.7752704387490653,0.19755985196244688,0.06236733880906831,0.4927448208440029,0.11686583443938033,-0.8494974659399351,-0.7428753071386308,0.2933234176512626,0.06612270825960505
KIC3544595,-1.1467632672641779,1.954056441192921,-0.20411708532968098,-2.0816383513423773,0.1576275414593991,0.016085536090438227,0.3589124681358322,0.04660231195949965,-1.6298356207905966,-1.7307588218994059,0.04205415205782006,0.013440592037561568
KIC3547794,1.2828025717633604,-0.05663557011185705,-0.4430236651328339,0.6218028455089911,0.17023774477615106,0.10187506190610876,0.7465830618848528,0.11485316489459622,0.7111788437613865,0.13748347132165187,0.5607220274376008,0.13440592037561566
KIC5094751,-0.5519820108240452,0.5867858735056726,0.16917444561274542,-0.7844980581539187,0.1576275414593991,0.04021384022609557,0.3589124681358322,0.07789980719832035,-0.8401520988159752,-0.7831970832513155,0.1869073424792003,0.036961628103294314
SW_CMa A,4.172640831852345,-1.466800900706941,2.692625194783548,3.121729045408472,0.3152550829187982,0.037532917544355865,0.7465830618848528,0.11012410061602212,4.636233035824594,2.971208292574216,0.0654175698677201,0.044801973458538556
CD_Tau B,-0.030760273731632152,0.3776739043299772,0.6519648256316168,-0.1245735384339699,0.10508502763959941,0.06434214436175291,0.7465830618848528,0.05721426399038294,0.5523076026540672,-0.23437290838421798,0.07476293699168012,0.044801973458538556
KIC8478994,-1.676391806567759,2.5009646682678226,-0.9805634696899278,-2.7737325924051133,0.1576275414593991,0.013404613408698522,0.3589124681358322,0.06954846343289596,-2.045704457806817,-2.0533330308008835,0.0700902534297001,0.010080444028171176
KIC3241581,-0.9344915114321871,1.5519180389319647,1.1745729689510138,-1.5815165794950372,0.17023774477615106,0.08875433331568176,0.49772204125656855,0.11929937667175819,-0.8681882001878553,-1.354422244847682,0.33708157554626444,0.06588327849878431
KIC11453915,0.8267335518074991,1.3696152965736657,-0.3434792568815201,-0.7161529747362774,0.12189863206193531,0.06434214436175291,0.7465830618848528,0.1126413000747484,0.010276309464385862,-1.04976882532962,0.3504512671485005,0.06720296018780783
KIC8696343,-0.07699768589305589,1.2731020800310375,-0.024937150477316313,-0.8740451172000052,0.13661053593147923,0.1027555423203456,0.4927448208440029,0.11503650922474438,-0.601845237154995,-1.1326524762279162,0.28530167610311086,0.07551098803322637
KIC11611414,0.13527406993893493,-0.1585106320179665,-0.11452711790349862,0.2538003751080831,0.11559353040355935,0.11710447036637826,0.49772204125656855,0.12265111869003527,0.11307534782794611,0.03891912971286695,0.43431507668113684,0.13224747076017987
KIC9702752,-0.9344915114321871,-0.28183307537799124,1.5727506019562687,-0.42848154027781604,0.13030543427310326,0.049433771701727684,0.49772204125656855,0.11907809204746472,-0.27943007137837483,0.02771863634823255,0.20292558866877,0.056906319533768575
KIC2450729,-0.39015106825906215,-0.5874582610963172,-0.8013835348375632,-0.09291096638143471,0.1240003326147273,0.11453154423129507,0.49772204125656855,0.11740786731336635,-0.6345540220888547,0.1554042607050673,0.27647917610204226,0.13873357178065857
KIC11460626,-0.08120108699863987,-1.2416033954408068,-0.46293254678309653,0.8749639111543556,0.13030543427310326,0.10410820529431551,0.4927448208440029,0.12081851681517691,0.17849291769566628,1.0828051112968158,0.26789001678363067,0.15287835762235352
KIC10130724,-1.1908989788728097,1.0854374923092573,1.8464977246473813,0.3705325773988602,0.14711903869543919,0.10187506190610876,0.7465830618848528,0.4025528543830964,-1.858797115327617,-1.3633826395393895,0.5607220274376008,0.1120049336463464
EK_Cep B,-1.0816105501276263,0.7905359973178915,0.6021926215059601,-1.07814432116855,0.39932310503047774,0.08042768045219113,0.24886102062828427,0.2122120287971437,-0.5878271864690545,-0.8369594514015619,0.046726835619800074,0.033601480093903915
KIC10162436,0.2760880069759981,-0.667885941548509,-0.039868811715013344,0.4929300214325987,0.22698365970153472,0.0626327060484152,0.49772204125656855,0.11211140798210537,0.7719237300671272,0.7221492249555803,0.4383306352410121,0.0981978309930608
KIC7174470,-0.2009980185077832,-1.1879849418060116,1.2094135118389737,0.8767027014985865,0.176542846434527,0.11774732397736155,0.49772204125656855,0.11465245952097808,0.7672510465051466,1.2933743865519467,0.8042289180606733,0.19758898733526414
BG_Ind A,0.290799910845542,-1.278829386155826,-0.741656889886775,1.0434023854388947,0.5674591492538368,0.03695273264353556,0.49772204125656855,0.2805737544227034,0.8420139834968269,1.347136754702193,0.03738146849584006,0.03808167743975777
KIC6671492,-0.234625227352455,-1.5740378079765294,0.587260960268263,1.1254884497271005,0.2164751569375748,0.06718372983984239,0.49772204125656855,0.11899017455067197,0.7719237300671272,1.6943520490058663,0.3077396348837056,0.10826330068973242
LL_Aqr B,-0.030760273731632152,1.8950761421946472,0.3533316008776758,-1.3515419958081036,0.33627208844671813,0.05361845363479409,0.1990888165026274,0.1649363956391788,-0.9008969851217158,-1.5313900400089095,0.23830686166098036,0.03584157876683085
KIC6442183,-0.955508516960107,-0.5231161167345643,-0.29370705275586334,-0.4692211754727563,0.176542846434527,0.04557568558957498,0.4479498371309117,0.11578588078635199,-0.7840798960722151,0.04787952440457467,0.23363417809900036,0.06720296018780783
KIC6225718,0.20673188873386253,1.1529967438890976,-0.09461823625323594,-0.721823233228427,0.1597292420121911,0.03243916444905042,0.49772204125656855,0.0580661256453114,-0.4135360896072008,-1.0193034833778136,0.1420495802841922,0.030241332084513527
KIC10322381,0.5240886722054527,0.5117200384169596,-1.5429893763098503,-0.4432940801645711,0.13240713482589525,0.15318851559821728,0.49772204125656855,0.10980179300413398,-0.5130642494773754,-0.6443109655298459,0.31174801958892856,0.14063640366296037
KIC11708273,-0.5372701069545013,-0.12097771447360763,1.4483200916421264,-0.1450040396722719,0.20176325306803086,0.12064152067828669,0.6221525515707107,0.11813333679413529,-0.8308067316920151,-0.2881352765344643,0.700902534297001,0.17920789383415422
KIC11713510,-0.5751007169047571,-0.2764712300145148,-0.4579553263705308,-0.32863987519877197,0.12189863206193531,0.03596835215274571,0.49772204125656855,0.12213546648135636,-0.7840798960722151,-0.15372935615884853,0.20274970517758922,0.06257771611208376
KIC8420801,0.6123600954227162,-0.12633955983708883,0.6021926215059601,0.334080765794081,0.15342414035381513,0.09919413922436908,0.7465830618848528,0.11823449211209308,0.477544665662387,0.11508248459238256,0.6775391164871011,0.15680690710488496
KIC7038145,-0.29557454338342265,-1.5043338182512975,1.532932838655743,1.171576416529798,0.12189863206193531,0.08732956285607882,0.49772204125656855,0.12562989248087192,1.042939376661968,1.7257134304268438,0.33599432630759973,0.15531061432340712
KIC11229052,0.5892413893420043,0.5063581930534832,0.15424278437504838,-0.06662820391231027,0.1071867281923914,0.08578952581567054,0.7465830618848528,0.11559520344754988,0.10372998070398609,-0.4673431703686187,0.630812280867301,0.1344059203756157
KIC8391021,0.07432475390796726,0.3186936053317031,-0.8412012981380886,-0.28820950604052586,0.1071867281923914,0.056299376316533783,0.8710135721989949,0.11561376782848856,0.057003145084185976,-0.3329372499930029,0.4906317740079008,0.1120049336463464
EW_Ori B,-0.6612704395692286,1.6323457193841588,0.5026482132546464,-1.3800330443825284,0.19966155251523887,0.026809226817397044,0.4479498371309117,0.09373099607627533,-0.583154502907075,-1.323060863426705,0.04205415205782006,0.011200493364634639
KIC3657002,-0.43849018097327785,0.30796991460474066,0.8112358788337188,-0.3904168242710916,0.13450883537868724,0.07079705279614436,0.49772204125656855,0.11210165242143547,-0.13457688095699397,-0.3866996181432492,0.3610933859973119,0.07844809170479797
KIC6679371,0.5556141804973326,-0.9113137210504735,0.30355939675201893,1.0147755509984757,0.1618309425649831,0.03833719434887777,0.49772204125656855,0.045621590937386165,1.30881507133863,1.1775612851616248,0.1376105309003112,0.05376236815024627
KIC9266926,-0.5120497003209975,-0.11025402374665,-1.6723971070365584,-0.6121305195007187,0.13240713482589525,0.06478742403022675,0.4927448208440029,0.11588168242010101,-1.3634926577577364,-0.489744157097888,0.24819492304389018,0.08127303805160949
KIC11295426,-0.8861523987179714,0.9460295128587939,0.9306891687352954,-1.1283998337006749,0.15552584090660712,0.016085536090438227,0.3589124681358322,0.03539009695715045,-0.8401520988159752,-1.011687147889862,0.0700902534297001,0.013440592037561568
KIC7103006,0.4337155484353972,-0.3944318280110583,0.6071698419185256,0.5208648603363745,0.1071867281923914,0.03139285428656148,0.4927448208440029,0.10704797543297163,1.2345194027031479,0.6235848833467954,0.20218782257382933,0.04168933580375945
KIC9225600,0.09954516054147113,-0.2282146217431983,1.3437984629782471,0.35811303386243426,0.11769523095635134,0.06632236434556185,0.49772204125656855,0.11684626260632157,0.8279959328108873,0.3390923518850755,0.35211559117655716,0.09879317696760884
KIC9965715,1.7136511850857181,1.0747138015822997,-1.757009854050175,-0.4650392131291284,0.8511887238807553,0.07831691067906844,0.49772204125656855,0.11795346359510694,-0.013087108345513675,-0.8705609314954655,0.34113790320517323,0.08363701715055283
KIC6421967,0.5240886722054527,1.1658651727614469,-0.3434792568815201,-0.66012045930861,0.15342414035381513,0.08578952581567054,0.7465830618848528,0.11460930986673998,-0.03645052615541425,-0.9377638916832735,0.4906317740079008,0.10080444028171175
KIC7429287,-0.8672370937428434,-0.24430015783363712,-1.6425337845611643,-0.4577518253150791,0.1261020331675193,0.05994725358790987,0.49772204125656855,0.12194249897642921,-1.4522736454353562,-0.42702139425593394,0.2437102745306619,0.08170451475470651
KIC10186764,0.5745294854724604,-0.08880664229273472,-0.5774086162721074,0.07835763618114522,0.15552584090660712,0.12968744611373115,0.5076764820816999,0.1212814066314423,0.267273905373286,0.04563942573164799,0.31022479944644854,0.14290254073137468
KIC12317678,0.7027332191927718,-0.2014053949258018,-1.2393789311433434,0.5497099922425734,0.10088162653401543,0.04549676659427889,1.0153529641633998,0.12329498572794681,0.9541583889843471,0.36373343728727153,0.34393117933487866,0.07706159858166739
KIC6049366,0.011273737324207613,-0.5660108796423995,-0.4579553263705308,0.32335778651312774,0.13030543427310326,0.16043094561803026,0.4927448208440029,0.11460709291129019,-0.16728566589085456,0.2987705757723908,0.3108812464552996,0.18671776452012212
KIC8360349,0.09113835833030316,-1.4882482821608587,1.015301915748912,1.321373013278698,0.10298332708680742,0.06269845861009257,0.4927448208440029,0.10651004972644308,2.2391463685288495,2.167012868993449,0.536077172733348,0.15159849341545453
KIC2852862,0.4253087462242293,-0.7590373127276584,-0.5176819713213191,0.8191131760103584,0.12189863206193531,0.03878057066557596,0.49772204125656855,0.11192373229560602,0.9821944903562272,0.892396724098027,0.2817564001002758,0.07350215608535862
KIC8249189,0.4568342545161091,0.0398776464307712,-0.6769530245234211,0.7748729988173977,0.13661053593147923,0.1505146572714026,0.49772204125656855,0.16123915919812656,0.10840266426596558,-0.10892738270031042,0.371261551407313,0.1763534885963245
V505_Per A,0.6249702987394682,1.1605033273979704,-0.3434792568815201,-0.4168482146037919,0.04413571160863175,0.05361845363479409,0.14931661237697055,0.0347576354970416,0.11307534782794611,-0.8974421155705887,0.004672683561980007,0.03136138142097699
KIC6287060,-0.40906637323419004,0.27579884242386776,0.1741516660253111,-0.2147076736155155,0.11139012929797537,0.09610846560111608,0.49772204125656855,0.11796724339431594,-0.4242832617997547,-0.44942238098520326,0.36941764699591584,0.10336662346101237
UX_Men A,-0.030760273731632152,0.9031347499509585,0.4528760091289895,-0.5568204978489854,0.21017005527919883,0.016085536090438227,0.49772204125656855,0.09681692768615759,-0.05981394396531379,-0.7607960965220463,0.028036101371880045,0.02912128274805006
KIC6592305,-0.17367591132148735,-1.2630507768947246,0.5524204173803032,0.8635093396213115,0.11559353040355935,0.05520357673554999,0.49772204125656855,0.11653951198679348,0.5336168684061471,1.2530526104392625,0.2578034880964597,0.09011566665085677
KIC8866102,0.2319522953673664,0.8495162963161609,0.22890109056353367,-0.3800855814705783,0.1576275414593991,0.04021384022609557,0.3589124681358322,0.06375849305091381,-0.09252272889917439,-0.7428753071386308,0.1915800260411803,0.030241332084513527
KIC8241455,0.09954516054147113,-1.595485189430447,-0.21407152615481234,1.2770495149958712,0.13871223648427122,0.06478742403022675,0.4927448208440029,0.11402261196346626,0.6317432232077268,1.6585104702390354,0.28619422140152295,0.1090384436454899
KIC10731424,0.4568342545161091,-1.724169478153953,-0.3882742405946113,1.426072965242737,0.13661053593147923,0.10049082552824777,0.5026992616691343,0.1214288550870136,0.8840681355546475,1.9295624096631938,0.37079901831715684,0.20755811572739227
KIC7747078,-0.7873724727367479,-1.0539388077190268,-1.0402901146407162,0.27236002638330925,0.176542846434527,0.05361845363479409,0.4479498371309117,0.11584179574553666,-0.6906262248326148,0.5407012324484988,0.2803610137188004,0.08960394691707711
EPIC206064678,-1.3716452264129206,1.8736287607407318,1.54786449989344,-1.8074061015353409,0.14922073924823118,0.06970398972523231,0.5474942453822254,0.12592828054379962,-1.1111677454108158,-1.5873925068320827,0.1869073424792003,0.044801973458538556
KIC10873176,0.6354788015034281,-1.2469652408042857,-3.912146292691116,0.7310699929961623,0.18705134919848695,0.06718372983984239,0.5176309229068312,0.11537012887931436,-0.6485720727747952,0.7445502116848491,0.24505144188751724,0.08717131784692989
KIC11456910,0.36015602908767763,-0.11561586911013119,-1.0402901146407162,0.01074915084939635,0.12820373372031127,0.10455598458784847,0.7465830618848528,0.1180147129647892,0.24391048756338643,0.04787952440457467,0.654175698677201,0.16800740046951962
EPIC206245055,-0.7978809755007078,1.8253721524694153,-1.4882399517716278,-1.7104677484238306,0.14922073924823118,0.06434214436175291,0.3981776330052548,0.11609832445452455,-1.7186166084682168,-1.6993974404784289,0.1869073424792003,0.044801973458538556
KIC8694723,0.2865965097399581,0.11494348151948418,-1.533034935484719,-0.17245489361358324,0.13030543427310326,0.049557610114536486,0.49772204125656855,0.11357318544306988,-0.33550227412213496,-0.3015758685720259,0.32561975760058365,0.06836089481080389
KIC9664694,-0.28296434006667076,-1.5579522718860905,-1.1000167595915045,1.142877196807098,0.11559353040355935,0.06522966414045135,0.49772204125656855,0.11522198444787118,0.019621676588345884,1.353857050720974,0.2567294693932201,0.1312554922149546
KIC12069127,0.5493090788389566,-1.0056821994477125,0.6320559439813541,1.2464256914269543,0.13871223648427122,0.03596835215274571,0.49772204125656855,0.11538197777453595,1.5989887205375886,1.3583372480668274,0.29423068785075573,0.07071032316064291
KIC10202294,-0.8651353931900515,-0.7643991580911397,2.0455865411500085,0.2035524197947924,0.13871223648427122,0.10991782995132786,0.49772204125656855,0.11682119527430929,-0.31681153987421495,0.42869629880215226,0.7476293699168012,0.16800740046951962
KIC10516096,-0.5267616041905414,0.350864677512576,-0.29370705275586334,-0.6722373303380305,0.1618309425649831,0.056031284048359824,0.49772204125656855,0.10114583902472156,-0.8840753242985876,-0.6496872023448704,0.2574648642650984,0.05040222014085587
EPIC206371648,-1.3989673335992165,1.7020497091093905,-0.9407457063894024,-1.4803363101283271,0.13661053593147923,0.08578952581567054,0.3981776330052548,0.21534937355740133,-1.9522507865672174,-1.6993974404784289,0.1401805068594002,0.044801973458538556
KIC4947253,-0.5498803102712533,-1.0861098798999045,-0.7217480082365123,0.5082388602690502,0.1240003326147273,0.06970398972523231,0.49772204125656855,0.12059927049762141,-0.3495203248080745,0.710948731590945,0.2614295657864529,0.10826886100145706
KIC5939450,0.14157917159731087,-2.1584789525957846,-0.6421124816354612,1.5334737609899254,0.176542846434527,0.08042768045219113,0.4479498371309117,0.10802899276111862,1.318627706818788,2.66879497172908,0.4439049383881007,0.14560641374025032
KIC10972873,-0.602422824091053,-0.7268662405467832,-0.029914370889882,-0.06081349362970621,0.13450883537868724,0.04400084443030525,0.5026992616691343,0.11840003355472292,-0.33082959056015443,0.3861344240165408,0.24251483045144867,0.08013068427733487
EPIC206201061,0.7868012413044513,-0.5713727250058808,0.15424278437504838,0.6685610023718462,0.14922073924823118,0.06970398972523231,0.5474942453822254,0.12289323997097197,0.7579056793811866,0.630305179365576,0.4672683561980007,0.13440592037561566
KIC8176564,-0.22201502403570308,0.1953711619716736,-0.37334257935691423,-0.38352054664525576,0.1071867281923914,0.04854046387396318,0.3589124681358322,0.11433141591202396,-0.344847641246095,-0.36429863141397995,0.26488488264916193,0.06239342998572501
KIC6603624,-1.2665601987733213,1.1551414820344892,1.2492312751394992,-1.4594520757230687,0.13871223648427122,0.03391128762041636,0.49772204125656855,0.11760651884377421,-1.1251857960967564,-1.206575732434505,0.18408238381892475,0.03506309036280169
KIC10273246,0.26768120476483015,-1.1826230964425326,-1.0502445554658475,0.7587447701115696,0.1240003326147273,0.04187735101237636,0.49772204125656855,0.11980416551883914,0.18316560125764575,1.0268026444736418,0.2463485703883866,0.06834050602458934
V570_Per A,1.3185314811608242,0.6993846261387396,0.3533316008776758,0.29780335038043987,0.10508502763959941,0.10187506190610876,0.14931661237697055,0.07331460570327845,0.9307949711744475,-0.3754991247786148,0.04205415205782006,0.07616335487951555
KIC6448798,0.2823931086343741,-1.4721627460704199,-0.5425680733841476,1.2985461325058933,0.1408139370370632,0.09115137117914995,0.7465830618848528,0.12172401031781867,0.7111788437613865,1.5935476087241547,0.7943562055366011,0.2688118407512314
KIC10068307,-0.17367591132148735,-0.7343728240556535,-0.8909735022637456,0.7355791552961329,0.1618309425649831,0.0235921195993094,0.49772204125656855,0.039904876909625346,1.0335940095380078,0.8818682603352701,0.0710247901420961,0.0403217761126847
KIC10319352,-1.1677802727920978,0.13102901760992303,1.234299613901802,-0.7061309823530594,0.13240713482589525,0.09119746844848783,0.4927448208440029,0.11984229496405678,-0.7980979467581556,-0.4606228743498377,0.28691811219655206,0.07338412252552894
KIC10024648,0.4084951418018934,-0.5874582610963172,0.22392387015096796,0.6426314593112815,0.32996698678834213,0.0816966026706881,0.49772204125656855,0.11566318504385632,0.916776920488507,0.6975081395533839,0.5256487413817681,0.12394014120047632
KIC10655953,0.7973097440684112,1.2302073171232022,-0.10954989749093294,-0.6220619247486711,0.12820373372031127,0.06892915197444865,0.4927448208440029,0.11353442152767816,0.066348512208146,-0.9444841877020546,0.23011080813620038,0.059279534092937035
HW_CMa B,2.827552478065472,0.742279389046575,1.8962699287730382,1.0558015323147647,0.3152550829187982,0.05361845363479409,0.49772204125656855,0.12036027386366015,2.2017649000330097,-0.0887664946439678,0.051399519181780075,0.0403217761126847
KIC10081026,0.6060549937643402,-1.466800900706941,-0.9606545880396651,1.433760761090907,0.12820373372031127,0.11989450717582029,0.5026992616691343,0.12378211194626068,0.496235399910307,1.4613817870214667,0.3563080033749096,0.20000338995511943
KIC9455860,1.0537172115090339,0.13639086297339945,-5.10484144878635e-05,0.4691138205485195,0.1240003326147273,0.10428393743910679,0.49772204125656855,0.1104940994327037,0.6410885903316869,-0.023803633129087086,0.3209312379606843,0.11134472622218801
KIC5774694,-0.7138129533890283,1.9272472143755248,0.6021926215059601,-1.8113643741340517,0.176542846434527,0.09651321654262937,0.4479498371309117,0.08745443423716645,-0.8775335673118152,-1.5425905333735441,0.25699759590890037,0.06720296018780783
KIC9390670,0.0659179516967993,0.01843026497685593,1.2243451730766708,0.3649014986032734,0.10508502763959941,0.13234677727530625,0.49772204125656855,0.112478851779311,0.5709983369019872,0.05011962307750185,0.3294994627855984,0.15047496885842734
KIC12304142,-0.060184081470719984,-0.3140041475588689,0.5524204173803032,0.26721327340020634,0.11769523095635134,0.06702306704349262,0.6221525515707107,0.11626119680104753,0.5242715012821871,0.31669136515580626,0.4672683561980007,0.10080444028171175
KIC9702369,0.45473255396331713,0.8709636777700809,0.40310380500333265,-0.6285273040256617,0.10508502763959941,0.03596835215274571,0.49772204125656855,0.11925338691687734,0.1551294998857657,-0.6935931363342384,0.2296942057239369,0.04118371301599396
KIC10644253,-0.30608304614738263,1.61626018329372,0.731600352232668,-1.1664812576848251,0.10508502763959941,0.03596835215274571,0.49772204125656855,0.11469501641398412,-0.41493789467579467,-1.2782588899681664,0.2113731981794287,0.031542482519975906
KIC3123191,0.7426655296958196,0.7476412344100561,-0.24393484863020648,-0.058494608176179026,0.19545815140965492,0.11259875263306757,0.6221525515707107,0.12541878735391077,0.24391048756338643,-0.6017490907442344,0.654175698677201,0.12320542701098103
EPIC206094605,0.6775128125592679,-0.667885941548509,0.4528760091289895,0.8028965802932819,0.16393264311777508,0.07506583508871173,0.3981776330052548,0.1184296951873543,0.7111788437613865,0.7199091262826526,0.5139951918178007,0.15680690710488496
KIC11757831,1.1335818325151292,-0.17995801347188178,0.15424278437504838,0.8849794653676862,0.14711903869543919,0.07506583508871173,0.8710135721989949,0.11878769311010678,0.8046325150009868,0.29429037842653694,0.5607220274376009,0.14560641374025032
KIC2998253,0.2487658997897023,0.6779372446848244,0.5374887561426062,-0.1821538583317748,0.11349182985076736,0.16043094561803026,0.49772204125656855,0.11169868038633146,0.066348512208146,-0.5905485973795996,0.2842282864134496,0.13755540076424433
KIC8938364,-0.5246599036377494,0.3883975950569349,-0.6421124816354612,-0.9047832913736795,0.13030543427310326,0.04187735101237636,0.49772204125656855,0.1193250485924703,-0.985005289237356,-0.7003134323530193,0.22964596389292377,0.052487189802679475
KIC5431016,0.8120216479379552,-1.0753861891729444,-1.0601989962909788,1.163951573962602,0.13030543427310326,0.08569115236861856,0.5026992616691343,0.12379306572276799,0.41212709579466683,1.0156021511090074,0.6071544672851324,0.1429427127507878
KIC8026226,0.21934209205061445,-2.1155841896879495,-1.1000167595915045,1.5382119731324366,0.11349182985076736,0.03433256200426168,0.5126537024942656,0.10800731091222719,1.1924652506453273,2.570230630120295,0.26448797781290834,0.09272583692546996
KIC10717090,-0.8357115854509637,0.20073300733515478,1.438365650816995,-0.4310238521680139,0.15552584090660712,0.12473467761813661,0.49772204125656855,0.11316163973990315,-0.12990419739501446,-0.31949665795544135,0.5043697110755704,0.1320390185340907
KIC9754284,-0.06859088368188794,0.10421979079252655,0.3782177029405042,-0.11487571036739418,0.11349182985076736,0.06874707482248055,0.49772204125656855,0.11375520872001653,0.13176608207586615,-0.15148925748592185,0.33647301812278435,0.0722462504953677
KIC12265063,-0.05387897981234402,-0.25502384856059473,-1.0801078779412416,-0.10844900207580888,0.1261020331675193,0.1263476590374355,0.5026992616691343,0.12148709101951707,-0.5971725535930146,-0.10668728402738324,0.341736552631128,0.12626650252506458
KIC3424541,0.5472073782861646,-1.3649258388008316,1.597636704019097,1.4477422802086024,0.13871223648427122,0.049433771701727684,0.49772204125656855,0.113093557723876,2.69239667404091,2.171493066339302,0.36067854258510124,0.09674737364249025
KIC9451741,-0.7978809755007078,0.8709636777700809,1.2790945976148933,-0.8179787965176569,0.1429156375898552,0.10510483492031225,0.49772204125656855,0.11334181462024111,-0.5784818193450946,-0.8907218195518082,0.36850207589451145,0.11967260873919615
KIC7465072,-0.047573878153968054,-0.2282146217431983,0.5524204173803032,0.27989329286056724,0.11559353040355935,0.1796218196765602,0.7465830618848528,0.11692461905522514,-0.45699204673361526,-0.06412540924177182,0.7709927877267012,0.2016088805634235
KIC7282890,0.2655795042120382,-1.2147941686234103,0.18410610685044249,1.1547130922405255,0.09877992598122344,0.07691803270145667,0.4927448208440029,0.11513088697615254,1.6270248219094687,1.577866918013666,0.7243345946515745,0.204718802449021
KIC7019341,-1.0332714374134104,0.22218038878907007,2.1451309494013224,-0.5930581311480851,0.1618309425649831,0.10723690726958818,0.49772204125656855,0.1266274530470382,-1.2513482522702162,-0.6689520509320424,0.7476293699168012,0.2016088805634235
KIC11075456,0.6270719992922602,0.5546148013247949,-0.741656889886775,-0.1574125071539007,0.12189863206193531,0.10187506190610876,1.2443051031414214,0.10981841993213991,0.1971836519435863,-0.4673431703686187,0.654175698677201,0.1344059203756157
KIC9116461,0.5366988755222046,1.1819507088518857,-0.3235703752312575,-0.5641029148532875,0.09877992598122344,0.06723753922051777,0.49772204125656855,0.10893006782311739,-0.18597640013877462,-0.9803257664688854,0.24489517110981554,0.06618723987494839
KIC5353186,-0.10221809252655975,-1.1290046428077398,0.617124282743657,1.0023436259131953,0.11559353040355935,0.06782257524083327,0.49772204125656855,0.1155246954449891,0.5336168684061471,1.1164065913907188,0.696912702678398,0.19262299482235387
KIC12258514,-0.5267616041905414,0.12084151141931207,0.25378719262636207,-0.19320252402590962,0.1618309425649831,0.020643104649395724,0.49772204125656855,0.04131073955492581,0.0481250463164239,-0.18621078691628937,0.044390493838810066,0.02352103606573274
KIC8292840,0.05120604782725539,0.7315556983196173,-0.5624769550344103,-0.43867965777253526,0.19755985196244688,0.04289476290783527,0.3589124681358322,0.07420685256423609,-0.46633741385757527,-0.769756491213754,0.23363417809900036,0.036961628103294314
KIC8179536,0.4274104467770213,0.9245821314048738,0.40808102541589836,-0.4448357347077627,0.10508502763959941,0.03361650726739673,0.49772204125656855,0.11492863621975921,0.19251096838160578,-0.7227144190822882,0.20289278784530065,0.035865904915270946
KIC3735871,-0.08120108699863987,1.61626018329372,0.09451613942426014,-1.1620992969608828,0.10508502763959941,0.03840147493486662,0.4927448208440029,0.11310427287283328,-0.45699204673361526,-1.2894593833328012,0.210876984961881,0.03542617863403487
KIC7700968,-0.4889309942402856,0.8119833787718067,-2.3194357606700975,-1.0068852797282193,0.1576275414593991,0.1614138047972002,1.0153529641633998,0.15814749373753356,-1.784034178335937,-1.211055929780359,0.3836770844191181,0.1195608670564343
KIC7976303,0.1878165837587346,-1.0968335706268622,-2.618068985424038,0.5213674509627562,0.09667822542843146,0.04083459771698753,0.5076764820816999,0.11527503720794165,-0.536427667287275,0.6504660674219186,0.2178491745966372,0.0783799246644073
KIC7800289,0.43581724898818924,-2.1799263340497026,-1.547966596722416,1.6816649536216588,0.11139012929797537,0.04746526914800329,0.5026992616691343,0.11034587037866772,1.1130296300916676,2.619512800924688,0.3563022986291871,0.11545531568564589
KIC10727922,0.21934209205061445,-0.8019320756354937,-1.2592878127936062,0.35981335484477633,0.13871223648427122,0.12781643432296855,0.49772204125656855,0.11748788823871774,-0.16728566589085456,0.5115799497004488,0.31742251038775393,0.16639639373912038
KIC2849125,-0.11903169694889565,-1.5204193543417364,1.7121127735081076,0.9561788298788877,0.11769523095635134,0.08113944371097985,0.5026992616691343,0.06145655647826187,1.337318441066708,1.893720830896363,0.6477153891950348,0.23706987887229908
KIC10732098,-0.8798472970595954,-0.6249911786406737,0.2040149885007052,-0.11890800422626539,0.1408139370370632,0.08065393551395225,0.49772204125656855,0.11381522897010728,-0.5924998700310351,0.2002062341636059,0.2717638327507305,0.11523551223971541
KIC7611858,-0.6066262251966369,0.08277240933860651,0.35830882129024144,-0.3338391283415861,0.12189863206193531,0.14956214411825516,0.4927448208440029,0.11942491170520433,-0.5597910850971756,-0.3329372499930029,0.4001475517923324,0.13608444576150674
KIC8016496,0.48625806225519697,-0.7054188590928655,0.6917825889321424,0.7047908930913613,0.15342414035381513,0.15365712413298316,0.49772204125656855,0.12994383814746577,1.1784471999593877,0.8789561320604649,0.5592279409493777,0.23461983895131572
KIC10858780,-1.140458165605802,-0.09416848765621116,-0.5425680733841476,-0.5731201883242129,0.1261020331675193,0.1233224433600264,0.6221525515707107,0.1195131372114654,-1.5317092659890164,-0.5793481040149652,0.584085445247501,0.2016088805634235
KIC3967430,0.8561573595465869,0.7101083168656973,0.25378719262636207,-0.031352873794826354,0.11139012929797537,0.07506583508871173,0.7465830618848528,0.10683636580706748,0.5242715012821871,-0.489744157097888,0.49063177400790076,0.10080444028171175
KIC9163769,0.46944445783286104,0.42593051260128895,0.4976709928420806,0.10666849341667327,0.21017005527919883,0.08988090666111592,0.49772204125656855,0.11028439124507866,0.31400074099308606,-0.33965754601178394,0.2810944483529607,0.0841544342388847
LL_Aqr A,0.9780559916085222,0.9513913582222703,0.3533316008776758,-0.2021929729481015,0.33627208844671813,0.04825660827131467,0.1990888165026274,0.15140303755236606,-0.11588614670907392,-0.8145584646722925,0.27101564659484045,0.044801973458538556
KIC5773155,0.21513869094503046,-0.3622607558301854,0.9406436095604267,0.5460145516389094,0.11559353040355935,0.07052406487450047,0.49772204125656855,0.11346857320797588,0.8466866670588074,0.4645378775689831,0.3669031791811791,0.11682925325149195
KIC7376493,-0.8651353931900515,-0.08880664229273472,-0.35841091811921716,-0.6267609439379965,0.15342414035381513,0.05774884190541321,0.5026992616691343,0.11944787085590337,-1.171912631716556,-0.43598178894764167,0.2665470883753599,0.08170451475470651
KIC6766513,0.7973097440684112,-1.0056821994477125,-1.7221693111622152,0.8549031928823674,0.1618309425649831,0.04322857932689025,0.5076764820816999,0.1265904029286429,0.10840266426596558,0.8184734678914375,0.24785110913933148,0.07609744110266876
KIC3112889,0.4589359550689011,-0.919892673632042,-1.5280577150721533,0.5980391033471064,0.13661053593147923,0.09364060358129392,0.5076764820816999,0.1172766215318545,-0.05981394396531379,0.6661467581324068,0.28277150640232895,0.133699737995271
RS_Cha A,2.991485121183247,-0.2871949207414724,1.0999146627625287,1.8480003267465728,0.1597292420121911,0.32171072180876453,0.348405428879598,0.09999846244907319,3.0148118398175305,1.073844716605108,0.046726835619800074,0.1366460190485426
HS_Aur A,-1.8172057436048221,1.5358325028415258,0.2040149885007052,-2.1472068239534687,0.14711903869543919,0.10723690726958818,0.04977220412565685,0.10005684504072683,-1.6345083043525765,-1.5313900400089095,0.08878098767762013,0.05152226947731934
AD_Boo A,0.7573774335653635,0.37231205896649605,0.7515092338829307,0.2448865868803072,0.2522040663350386,0.04289476290783527,0.7465830618848528,0.11002997709427559,0.7765964136291067,-0.1671699481964101,0.04205415205782006,0.03136138142097699
EPIC204356572,0.21303699039223847,0.28652253315082543,-0.09461823625323594,-0.08658779360847092,0.16393264311777508,0.08042768045219113,0.3981776330052548,0.11750088466497567,-0.31681153987421495,-0.4225411969100801,0.3270878493386005,0.08960394691707711
KIC7296438,-0.9786272230408188,0.5867858735056726,1.5876822631939658,-0.6813969345666826,0.11769523095635134,0.03604963004951763,0.3589124681358322,0.11600773271893533,-0.41493789467579467,-0.6622317549132614,0.22296539342837357,0.04854880176764627
KIC6605673,0.01547713842979159,-0.24430015783363712,-1.0303356738155847,-0.01368155736760393,0.1261020331675193,0.06964963362367593,0.49772204125656855,0.11499482966156736,-0.5270823001633149,-0.08652639597104113,0.3506310370300245,0.08025114902739204
KIC10972252,0.04700264672167141,-1.3863732202547492,-0.42311478348257114,1.1653552895609607,0.1261020331675193,0.06718372983984239,0.5026992616691343,0.11576462111038101,0.42147246291862683,1.3359362613375585,0.3008545327739028,0.11828839656756664
AD_Boo B,-0.1463538041351915,1.3267205336658305,0.7515092338829307,-0.8797110762709162,0.2522040663350386,0.037532917544355865,0.7465830618848528,0.11668645162678619,-0.1813037165767941,-1.0542490226754737,0.028036101371880045,0.022400986729269278
KIC8394589,0.07642645446075925,1.2409310078501599,-1.090062318766373,-0.9185915917524937,0.11349182985076736,0.049433771701727684,0.6918336373466303,0.12013776953678564,-0.5924998700310351,-1.112491588171574,0.2664386023058511,0.05385562471322293
KIC4931390,0.7195468236151077,0.9138584406779162,-0.04484603212757904,-0.043900167039589134,0.1071867281923914,0.06434214436175291,0.7465830618848528,0.11907790080672374,0.5709983369019872,-0.6241500774735038,0.4672683561980007,0.08960394691707711
KIC6370489,0.18361318265315066,-0.9949585087207526,-1.995916433853328,0.48029765218077813,0.16813604422335907,0.04612433784823414,0.49772204125656855,0.116382985306644,-0.17195834945283406,0.7019883368992372,0.27956694038837426,0.08099242425467056
WZ_Oph B,-0.20940482071895114,0.6296806364135079,-1.090062318766373,-0.4945888702799945,0.21017005527919883,0.04289476290783527,0.348405428879598,0.09672766494720521,-0.12990419739501446,-0.6039891894171612,0.028036101371880045,0.026881184075123136
KIC10079226,-0.2871677411722547,1.4285955955719398,0.7813725563583247,-1.057744710889214,0.10508502763959941,0.04083459771698753,0.4927448208440029,0.11306053324050071,-0.4710100974195548,-1.1886549430510895,0.21753295018041474,0.03827882290273709
EK_Cep A,5.854001274085935,1.3213586883023491,0.6021926215059601,1.8790328412977777,0.42034011055839765,0.08042768045219113,0.24886102062828427,0.13399063666304112,3.6269333864369115,-0.2455734017488529,0.09345367123960015,0.033601480093903915
KIC4638884,0.9402253816582664,-0.2871949207414724,0.29360495592688757,0.6833481810074975,0.11979693150914333,0.03596835215274571,0.4927448208440029,0.10919517364937116,1.281246238322948,0.5362210351026448,0.2281789163886986,0.058824705587626744
YZ_Cas A,6.274341384644332,-0.5820964157328383,0.7515092338829307,3.286375145284111,0.6305101658375964,0.05361845363479409,0.2986332247539411,0.2086881038700304,4.953975518039233,1.9228421136444136,0.046726835619800074,0.06720296018780783
KIC4346201,-0.14215040302960752,-0.8930834468146456,-1.423536086408274,0.5602478342778284,0.1071867281923914,0.056997198039121066,0.4927448208440029,0.1351471092781856,-0.4943735152294554,0.4779784696065447,0.2625404512752737,0.07321764900020722
KIC8367710,0.28869821029275006,-0.6625240961850302,0.3234682784022817,0.7965598759479491,0.13871223648427122,0.05299368513704999,0.49772204125656855,0.11620818736459233,0.9681764396702877,0.7893521851433877,0.437400377413771,0.10071145202253132
KIC10398597,0.41480024346026934,-0.603543797186756,0.8112358788337188,0.8335433084392263,0.13661053593147923,0.12968573798067182,0.49772204125656855,0.11338474724325404,1.0382666930999873,0.731109619647288,0.44501412422601266,0.1682670660424881
KIC8150065,0.10585026219984708,0.6618517085943856,0.08953891901169445,-0.3519559276849226,0.12189863206193531,0.04094669805257877,0.49772204125656855,0.11393990836447779,-0.12990419739501446,-0.6286302748193576,0.2344866334048522,0.044157461098829856
CO_And A,-0.15686230689915145,-0.1585106320179665,0.30355939675201893,0.05548623340384918,0.27322107186295846,0.05898029899827349,0.7465830618848528,0.13064298347623218,0.19251096838160578,0.08596120184433273,0.03270878493386005,0.04704207213146549
KIC8499940,-0.40276127157581404,-0.17995801347188178,0.22392387015096796,-0.23523991783826823,0.12189863206193531,0.07197683616154939,0.49772204125656855,0.1175797092850128,-0.3962471604278746,-0.09100659331689498,0.3828652964225917,0.08631725487873992
KIC8981766,0.04700264672167141,-0.23893831247015593,-0.6421124816354612,1.8494094177581204,0.15132243980102314,0.07774675777045142,1.2443051031414214,0.1264490785141321,0.6177251725217863,0.29429037842653694,0.4672683561980007,0.1120049336463464
KIC3854781,-1.0711020473636663,-0.5070305806441254,1.5279556182431775,-0.09211894726804143,0.2143734563847828,0.05520357673554999,0.49772204125656855,0.1168094703701927,-0.2373759193205542,0.23156761558458291,0.27228615890369606,0.08204173001063698
KIC7970740,-1.9033754662692937,2.332602723854566,-2.4339118301591083,-2.8882427355354032,0.1618309425649831,0.02654113454922307,0.49772204125656855,0.07372324193128438,-2.428864509889178,-2.0739419385918114,0.09322003706150114,0.013440592037561568
KIC4756112,-0.06859088368188794,-1.9547288287835682,-0.7864518735998661,1.534659874930862,0.1261020331675193,0.10673441092165466,0.49772204125656855,0.12372844564809148,0.6083798053978263,2.0841292180951525,0.33761364044447945,0.19743421767388444
KIC11723674,0.0659179516967993,-1.6330181069748033,-0.05480047295271041,1.3669742687238597,0.13240713482589525,0.08065393551395225,0.49772204125656855,0.12533869095376252,0.7111788437613865,1.7413941211373327,0.286904292748298,0.1432732063057235
KIC8952800,-0.19469291684940723,-0.8716360653607279,0.40310380500333265,0.6572496976816623,0.11559353040355935,0.05774884190541321,0.49772204125656855,0.11557069733691831,0.21120170262952584,0.7288695209743603,0.3024742216972845,0.10534476661414263
V1130_Tau B,0.9150049750247625,0.5599766466882761,-0.9905179105150592,0.08947656201724631,0.14711903869543919,0.032171072180876455,0.49772204125656855,0.06371843273754793,0.2719465889352665,-0.4449421836393494,0.03738146849584006,0.022400986729269278
KIC12069569,0.29920671305671,-1.3970969109817093,-0.28872983234329763,1.226610187745796,0.1240003326147273,0.1340740127666384,0.49772204125656855,0.12381610516154667,0.5382895519681267,1.4008991228524392,0.34301000088403966,0.20541331500384982
KIC8493800,0.05540944893283937,0.4795489662360819,0.4478987887164238,-0.4043160371803788,0.15342414035381513,0.06956021707266716,0.49772204125656855,0.11391145170667466,0.019621676588345884,-0.46286297302276486,0.2813116019749516,0.06724961012751647
KIC9139163,0.40008833959072543,0.447377894055209,0.6320559439813541,-0.0515617692344831,0.09247482432284748,0.031264662382047746,0.4927448208440029,0.12028494026080501,0.38409099442278677,-0.33741744733885676,0.21731034495825907,0.040468384889422206
KIC10462940,0.10585026219984708,1.171227018124928,0.8112358788337188,-0.6893858710359174,0.10088162653401543,0.038664816778267296,0.4927448208440029,0.11347860703046322,-0.04112320971739374,-0.9355237930103468,0.24019428999442277,0.03918572280463113
KIC10730618,0.43581724898818924,-0.1585106320179665,0.22392387015096796,0.39613706196961845,0.11349182985076736,0.038664816778267296,0.49772204125656855,0.10974412856801671,0.5616529697780271,0.1979661354906787,0.26156332992290265,0.05394872007175344
KIC3952580,-0.20940482071895114,-1.9708143648740046,-0.11452711790349862,1.592674165286238,0.21227175583199082,0.052893562363809946,0.49772204125656855,0.12033680209188602,0.9821944903562272,2.285738098658576,0.29449445179598494,0.10534020661933756
KIC10025841,-1.0017459291215307,0.1256671722464418,1.234299613901802,-0.18511960976819716,0.3930180033721018,0.20221162839740897,0.49772204125656855,0.11553659823279994,-0.5924998700310351,-0.3754991247786148,0.5369945940195712,0.20121790135519105
KIC12117868,-0.11482829584331168,0.7261938529561361,-0.2837526119307319,-0.6795600322803274,0.1071867281923914,0.11725883458545518,0.4927448208440029,0.1187057471772187,-0.6438993892128146,-0.8123183659993654,0.3072517138761495,0.10308079623353542
EPIC206289767,0.32232541913742185,-0.8769979107242067,0.4528760091289895,0.8251444981727548,0.16393264311777508,0.06970398972523231,0.5474942453822254,0.11418748909954549,0.5242715012821871,0.8319140599289996,0.3738146849584006,0.13440592037561566
Kepler-34B,-0.7306265578113642,1.4302041491809847,-0.09461823625323594,-1.4133484289227956,0.27322107186295846,0.0117960597996547,0.7465830618848528,0.11623396835269427,-1.060702762941432,-1.3349333863932178,0.010279903836356016,0.006608291085134438
KIC8579578,0.19622338596990258,-0.919892673632042,0.5225570949049091,0.999349892797458,0.09457652487563947,0.07249642425669371,0.49772204125656855,0.11362397778543211,1.3560091753146282,1.185849650251454,0.5828992067419716,0.1376428711500982
LV_Her A,-0.3249983511225105,0.779812306590929,0.6519648256316168,-0.6619310673024424,0.3152550829187982,0.04289476290783527,1.045216286638794,0.15162033575378117,-0.2607393371304548,-0.7406352084657036,0.046726835619800074,0.026881184075123136
KIC9446628,0.1752063804419827,-0.742951776637222,-1.0801078779412416,0.5079851311623467,0.1240003326147273,0.15962228187719726,0.5026992616691343,0.11182769066983256,-0.16261298232887403,0.4578175815502026,0.34480453161683844,0.19973828601333168
KIC4349452,0.11635876496380702,0.9192202860413974,0.02981227406090624,-0.5618579816882328,0.16603434367056707,0.04021384022609557,0.3589124681358322,0.07131331079968875,-0.41493789467579467,-0.8772812275142466,0.21260710207009031,0.033601480093903915
KIC9138680,-0.47211738981794965,-1.6276562616113246,0.8958486258473355,1.0173874209260838,0.1261020331675193,0.06782257524083327,0.4927448208440029,0.11688738668801252,0.7859417807530668,1.7660352065395282,0.25907070254045295,0.11930061148410848
47_Tuc-V69 B,-0.5372701069545013,0.742279389046575,-3.2800393002952744,-1.1717584659286446,0.3152550829187982,0.016085536090438227,0.49772204125656855,0.15132632735494123,-1.816742963269797,-1.1774544496864547,0.028036101371880045,0.013440592037561568
KIC8738809,-0.3292017522280945,-1.1343664881712185,0.6221015031562227,0.7302093936871746,0.1240003326147273,0.03989566158713767,0.49772204125656855,0.11389968386560058,0.39343636154674677,1.0626442232404727,0.19861646733997373,0.05966202829057846
KIC9402223,0.2844948091871661,-1.7563405503348306,-0.14439044037889276,1.5083214169974593,0.1092884287451834,0.08578952581567054,0.8710135721989949,0.11825288614784933,0.9915398574801872,2.041567343309541,0.8878098767762014,0.29121282748050065
KIC7938112,0.6417839031618041,-0.3247278382858265,-0.8412012981380886,0.9175879343339084,0.14711903869543919,0.10187506190610876,0.7465830618848528,0.1465998604189367,0.5709983369019872,0.3390923518850755,0.7009025342970012,0.17920789383415422
KIC8494142,-0.1484555046879835,-0.351537065103223,0.5424659765551718,0.3750205799435486,0.22278025859595074,0.026809226817397044,0.3589124681358322,0.07023542994579121,0.7952871478770267,0.444376989512641,0.11448074726851018,0.026881184075123136
KIC9394953,-0.413269774339774,-0.372984446557143,0.6320559439813541,0.012215677646959347,0.13661053593147923,0.07512930757015025,0.49772204125656855,0.11661791721054299,-0.19999445082471412,0.12852307662994414,0.26352208451565684,0.08326788234177125
KIC11467550,-0.1442521035823995,-0.8501886839068102,-0.14439044037889276,0.5760225069785245,0.12189863206193531,0.09784449621067758,0.49772204125656855,0.11713013182643212,-0.0037417412215536533,0.625824982019722,0.33148333155441556,0.15411633513751152
V570_Per B,0.7300553263790676,0.9674768943127091,0.3533316008776758,-0.17750652330628913,0.10508502763959941,0.06434214436175291,0.14931661237697055,0.05697119469027498,0.4635266149764464,-0.6779124456237501,0.03738146849584006,0.04256187478561163
KIC6064910,0.6165634965283002,-1.4346298285260657,-1.0402901146407162,1.2040778584351652,0.1576275414593991,0.08042768045219113,0.8710135721989949,0.11658274711499958,0.7111788437613865,1.5263446485363474,0.654175698677201,0.21280937392805815
KIC11502597,-0.8756438959540114,-0.2282146217431983,-0.24393484863020648,-0.6040062526763202,0.1240003326147273,0.06434214436175291,0.6221525515707107,0.12080740106592562,-0.7840798960722151,-0.17613034288811782,0.700902534297001,0.2016088805634235
EPIC201367904,0.07642645446075925,-1.0056821994477125,0.15424278437504838,0.8126499084603169,0.16393264311777508,0.06970398972523231,0.3981776330052548,0.12136172400162504,0.24391048756338643,0.8767160333875382,0.23363417809900036,0.1120049336463464
KIC5253542,-0.9344915114321871,1.149779636671008,1.2641629363771962,-1.233055518488075,0.20176325306803086,0.06970398972523231,0.49772204125656855,0.11432726824705938,-0.7980979467581556,-1.1147316868445007,0.286904292748298,0.0591403019853716
HW_CMa A,3.12179055545635,0.7690886158639715,1.647408908144754,1.1862376336581895,0.3152550829187982,0.05898029899827349,0.49772204125656855,0.12034980423985861,2.4821259137518092,-0.04620461985835638,0.05607220274376009,0.04704207213146549
KIC7668623,0.13107066883335095,-1.3113073851660386,0.23387831097609935,1.1720418467146887,0.10088162653401543,0.06259047750362207,0.49772204125656855,0.11456374940197649,0.6597793245796069,1.3493768533751196,0.34564230266423307,0.11414223518670515
KIC3545753,-0.01815007041488022,-1.5525904265226116,-1.4285133068208398,1.0650686619293956,0.12189863206193531,0.08224389041850877,0.522608143319397,0.12136178465212218,0.04765777796022595,1.3605773467397542,0.27840200026561474,0.12839674727136113
KIC11138101,0.007070336218623637,-1.5365048904321728,-0.836224077725523,1.160826967376357,0.12189863206193531,0.11199188927204193,0.5026992616691343,0.11224507341847233,0.267273905373286,1.4412208989651236,0.29242091247001956,0.17701163667181236
KIC8414062,0.7636825352237394,-0.14778694129100886,-0.9954951309276249,-0.21124373199284688,0.12820373372031127,0.22309731366725513,0.49772204125656855,0.12203293558835823,0.24391048756338643,0.08372110317140555,0.35607168548005474,0.23270600772868716
EPIC206107253,0.1583927760196468,0.876325523133562,-0.6421124816354612,-0.5204426821212005,0.13661053593147923,0.05361845363479409,0.3981776330052548,0.11360694329507852,-0.41026521111381514,-0.8481599447661963,0.1401805068594002,0.044801973458538556
KIC6933899,-0.7852707721839559,-0.09953033301969236,0.02981227406090624,-0.26056740543087015,0.11769523095635134,0.037913972161898984,0.49772204125656855,0.12386289977101161,-0.5691364522211355,-0.21869221767372973,0.172402018003264,0.05005980273811304
KIC3643774,-0.39015106825906215,0.20073300733515478,1.0401880178117404,-0.3047926314154385,0.2185768574903668,0.04612433784823414,0.49772204125656855,0.09243130110612831,0.12709339851388562,-0.22541251369251028,0.27669950305571606,0.05483507525209614
KIC8416311,0.48625806225519697,-1.0110440448111915,0.9058030666724669,1.160983369685803,0.1261020331675193,0.08202046241174575,0.49772204125656855,0.11391070150245663,1.482171631488088,1.313535274608289,0.565202519722472,0.18344844125411408
YZ_Cas B,1.020090002664362,1.0907993376727385,0.7515092338829307,-0.11850423210865661,0.5254251381979971,0.06970398972523231,0.2986332247539411,0.2461327255284251,0.4635266149764464,-0.738395109792777,0.046726835619800074,0.044801973458538556
47_Tuc-V69 A,-0.5666939146935891,0.21145669806211242,-3.2800393002952744,-0.8516162658044608,0.3152550829187982,0.016085536090438227,0.49772204125656855,0.15147161252516012,-1.7373073427161367,-0.8347193527286347,0.023363417809900037,0.011200493364634639
EW_Ori A,-0.3039813455945906,1.4393192862988975,0.5026482132546464,-1.0569351071920015,0.19966155251523887,0.026809226817397044,0.4479498371309117,0.08997218334612724,-0.3495203248080745,-1.1640138576488932,0.051399519181780075,0.011200493364634639
KIC4739932,-0.7117112528362364,-0.603543797186756,0.29360495592688757,0.1354012301058081,0.2332887613599107,0.0866232628581198,0.49772204125656855,0.1083453901402623,-0.3822291097419351,0.26068889833263276,0.28424680901896704,0.10633486864323337
KIC9955598,-1.6406628971702952,2.082740729916427,0.841099201309113,-2.3123540223309567,0.1618309425649831,0.04083459771698753,0.35835986970472933,0.13116980752689955,-1.7045985577822766,-1.8069221767789214,0.20097971935057662,0.03506309036280169
KIC12156916,0.6964281175343958,0.22754223415255126,-1.8366453806512257,-0.040847666821422046,0.11769523095635134,0.08847044849741025,0.8710135721989949,0.11811375804843859,0.1504568163237862,-0.2433333030759257,0.7009025342970012,0.14560641374025032
KIC11133100,0.01547713842979159,-1.3649258388008316,0.25378719262636207,1.912686465248406,0.1071867281923914,0.13940797945046463,0.7465830618848528,0.11889536285178359,0.7111788437613865,1.5263446485363474,0.9812635480158016,0.3024133208451353
KIC8802782,-0.2640490350915428,-1.354202148073874,1.518001177418046,1.071434426382442,0.1429156375898552,0.12645907442340287,0.49772204125656855,0.11139392022982395,0.898086186240587,1.5017035631341509,0.5439682191601108,0.24240913978990006
EPIC204506926,-1.0711020473636663,0.36695021360301483,2.1451309494013224,-0.5799229146059626,0.16393264311777508,0.06970398972523231,0.3981776330052548,0.11815678555175378,-0.7840798960722151,-0.6241500774735038,0.23363417809900036,0.044801973458538556
KIC9273544,-0.18838781519103126,0.0452394917942524,-0.8412012981380886,-0.20778866090900938,0.11559353040355935,0.06970398972523231,0.7465830618848528,0.1174847784458424,-0.5037188823534153,-0.3105362632637336,0.5607220274376008,0.15680690710488496
KIC2865774,-0.29557454338342265,-0.3944318280110583,-0.04484603212757904,0.12330668627947433,0.13240713482589525,0.1260033660417661,0.7465830618848528,0.1206182022081453,0.1504568163237862,0.22708741823872905,0.7476293699168012,0.21280937392805815
KIC5021689,-0.09801469142097577,-0.4694976630997713,-0.14439044037889276,0.22343811953638312,0.176542846434527,0.056299376316533783,0.4479498371309117,0.11263006413369496,-0.12990419739501446,0.22708741823872905,0.3504512671485006,0.08960394691707711
KIC5543462,0.0659179516967993,0.6457661725039467,-1.597738800848073,-0.6511036880286292,0.11349182985076736,0.15962228187719726,0.5076764820816999,0.11334370419479549,-1.003696023485276,-0.8750411288413195,0.2806323479543313,0.12447586268659028
KIC4586099,0.3538509274293017,-0.4426884362823748,-0.4977730896710564,0.5930451265624482,0.12189863206193531,0.06996940001225203,0.49772204125656855,0.1152720751145372,0.024294360150325378,0.2786096877160482,0.45892553109445194,0.10302718954473984
KIC4571351,-0.4511003842900298,0.11494348151948418,0.9655297116232551,-0.29924224503068114,0.1240003326147273,0.14635200919829924,0.5026992616691343,0.11810102380953323,-0.05981394396531379,-0.2321328097112913,0.406850938314914,0.1555099255054579
KIC1725815,0.7048349197455637,-0.6518004054580702,-0.14439044037889276,0.8488066385037729,0.17233944532894305,0.07506583508871173,0.6221525515707107,0.1160858119236266,0.8513593506207868,0.7423101130119224,0.607448863057401,0.17920789383415422
KIC8950146,0.3349356224541738,0.9567532035857514,0.18410610685044249,-0.46347431306474357,0.1261020331675193,0.07676994248325637,0.5026992616691343,0.1122469662495251,-0.050468576841353766,-0.8033579713076576,0.27032531789957454,0.07213674251609635
KIC12366681,-0.05598068036513601,-1.7295313235174317,1.000370254511215,1.8343027012692557,0.13871223648427122,0.06277757897014301,0.49772204125656855,0.10915705200660654,1.2532101369510678,2.0863693167680792,0.41311406678365675,0.1142484850312203
KIC10355856,0.7216485241678996,-0.08880664229273472,-0.502750310083622,0.440341666379385,0.11769523095635134,0.038664816778267296,0.49772204125656855,0.116536533863462,0.4635266149764464,0.11060228724652871,0.25452417846207975,0.05983221762340255
KIC9287845,0.5745294854724604,-1.0646624984459867,0.9058030666724669,1.2072551287500757,0.13030543427310326,0.12170968156203933,0.49772204125656855,0.11546152747139432,1.5943160369756082,1.3986590241795127,0.5565900728456811,0.20932970911521812
alf_Cen B,-2.0841217138094046,2.318661925909519,1.4483200916421264,-2.687018112367064,0.13030543427310326,0.032171072180876455,0.1990888165026274,0.06778813372631762,-1.4662916961212962,-1.8494840515645332,0.028036101371880045,0.011200493364634639
KIC8012842,-0.76845716776162,0.7905359973178915,1.0103246953363463,-0.8585853129154517,0.12189863206193531,0.1274496093424929,0.49772204125656855,0.11443674548819044,-0.6579174398987553,-0.8593604381308312,0.3187052257422069,0.10671752954334096
KIC11081729,0.820428450149123,0.7905359973178915,-0.4380464447202682,-0.46347431306474357,0.1071867281923914,0.03649868939126449,0.4927448208440029,0.07199767436061964,0.2345651204394264,-0.6219099788005766,0.26243790926547866,0.05666053031682349
KIC8379927,-0.31028644725296656,1.5245726275782214,-0.24393484863020648,-1.0921943573886101,0.2522040663350386,0.03833719434887777,0.7465830618848528,0.0851905250346673,-0.5999761637302033,-1.274450722224191,0.1864400741230023,0.033601480093903915
KIC8228742,-0.17787931242707133,-0.37834629192061947,0.15922000478761408,0.20641124150908055,0.1071867281923914,0.06425030693524808,0.49772204125656855,0.12240422850786865,0.6644520081415864,0.4219760027833717,0.40130233168044555,0.08968427456279555
EPIC205995584,0.4589359550689011,-0.11561586911013119,-0.09461823625323594,0.3654656652520626,0.14922073924823118,0.06970398972523231,0.3981776330052548,0.10822317754383905,0.2906373231831865,0.04787952440457467,0.3270878493386005,0.08960394691707711
KIC11507653,-0.6276432307245569,-0.13706325056404647,0.8112358788337188,-0.07559305098778701,0.15552584090660712,0.12379850601095821,0.49772204125656855,0.12555212249079092,-0.363538375494015,-0.10668728402738324,0.4007092314524517,0.11065271183868713
KIC11401755,-0.6381517334885167,-0.3461752197397466,-0.6371352612228955,-0.27228010588185547,0.13871223648427122,0.021447381453917634,0.3589124681358322,0.06615493187923367,-0.8822062508737958,-0.12684817208372587,0.1191534308304902,0.040321776112684705
KIC11189107,1.2197515551796008,-1.0432151169920691,-0.24393484863020648,1.3669742687238597,0.19755985196244688,0.14208890213220432,0.6221525515707107,0.11629169006118413,1.2719008711989879,1.2799337945143845,0.7709927877267011,0.2576113473865967
KIC9098294,-0.40906637323419004,1.1658651727614469,-0.3036614935809947,-1.2358250121480043,0.1071867281923914,0.03596835215274571,0.49772204125656855,0.11424626109522383,-0.9008969851217158,-1.1528133642842586,0.1822435255321061,0.03515706399635945
KIC5371516,0.2844948091871661,-0.6839714776389478,0.6270787235687885,0.633182725611955,0.17023774477615106,0.06519419805902524,0.49772204125656855,0.11530345670364489,0.9635037561083071,0.8072729745268031,0.46268467895918153,0.1052349974388843
KIC9700430,-0.2178116229301191,0.32405545069517955,0.3732404825279385,-0.35676421688271387,0.18915304975127895,0.08583402162220073,0.49772204125656855,0.11677028487074066,-0.12523151383303394,-0.3979001115078841,0.3695757789866475,0.103195583790111
KIC10147635,-0.12533679860727162,-1.9171959112392116,0.07958447818656307,1.321650713088451,0.13871223648427122,0.03596835215274571,0.49772204125656855,0.11935348198908739,1.0242486424140478,2.2386960265271107,0.2391079455366548,0.09638552107306754
KIC3427720,-0.40276127157581404,1.5036614306606528,0.06963003736143172,-1.1638503738074866,0.1071867281923914,0.04094669805257877,0.49772204125656855,0.11378660941084907,-0.6906262248326148,-1.2804989886410936,0.2200052662974282,0.03613764983347991
KIC9202077,-0.2009980185077832,-0.5606490342789208,0.9904158136860836,0.5777103691674562,0.14711903869543919,0.08711083379916719,0.49772204125656855,0.11506474330697933,0.916776920488507,0.6549462647677724,0.6055362048947246,0.1408102944723921
KIC7670943,0.5219869716526607,0.667213553957862,-0.09959545666580155,-0.24673386597012775,0.2311870608071187,0.04289476290783527,0.3589124681358322,0.07562744995031385,-0.04112320971739374,-0.608469386763015,0.21260710207009031,0.040321776112684705
EPIC206108325,0.4589359550689011,-1.161175714988615,-0.6421124816354612,1.0310604463082074,0.14922073924823118,0.07506583508871173,0.5474942453822254,0.635498853358705,0.24391048756338643,1.0335229404924229,0.23363417809900036,0.1120049336463464
KIC10019747,-0.936593211984979,-0.3193659929223501,1.2691401567897618,-0.395860165500174,0.13661053593147923,0.056997198039121066,0.49772204125656855,0.11524787995465868,-0.3728837426179751,0.02547853767530537,0.24904457221546275,0.06721640899486876
KIC3430893,0.11635876496380702,0.43129235796477017,-0.29370705275586334,-0.053483987141786704,0.1261020331675193,0.09710714963488473,0.49772204125656855,0.11043203819695888,-0.2233578686346147,-0.4987045517895957,0.3118207951228891,0.10753139002103558
KIC7106245,-0.29557454338342265,1.2302073171232022,-0.6819302449359868,-1.1335298950938948,0.11349182985076736,0.04094669805257877,0.49772204125656855,0.11482862193737292,-0.8962243015597353,-1.1886549430510895,0.21214552008533813,0.04112274523568805
alf_Cen A,-0.8209996815814197,1.0854374923092573,1.4483200916421264,-1.1559883634170234,0.0546442143725917,0.021447381453917634,0.1990888165026274,0.025262429601145355,-0.6672628070227152,-1.0408084306379122,0.03270878493386005,0.006720296018780784
KIC8408931,0.07852815501355123,-2.1799263340497026,-0.36338813853178287,1.5639788148163538,0.2522040663350386,0.06485652730196893,0.5026992616691343,0.11925039914280222,1.145738415025528,2.6374335903081034,0.3470187294396311,0.11929445626171117
KIC5344612,0.30341011416229396,-0.21749093101624065,-0.35841091811921716,0.3458642862921971,0.176542846434527,0.1093606165489938,0.49772204125656855,0.11204751622275298,0.2345651204394264,0.12852307662994414,0.43093338139844206,0.13625988271850684
KIC9005973,-0.17577761187427934,0.32405545069517955,-0.38329702018204564,-0.48926445721009226,0.11979693150914333,0.07921956895861572,0.49772204125656855,0.11437330234882225,-0.5878271864690545,-0.5300659332105727,0.33507644843663215,0.08519134596654884
KIC10018963,0.11846046551659901,-0.8287413024528926,-0.836224077725523,0.49498126397277603,0.09667822542843146,0.031264662382047746,0.49772204125656855,0.11475618595778123,0.028967043712305907,0.6191046860009415,0.21317672308227045,0.06230642014621746
KIC8174170,-0.4868292936874936,-1.3113073851660386,0.054698376123734654,-0.31036594545102136,0.13450883537868724,0.08578952581567054,0.7465830618848528,0.3167670415043136,0.010276309464385862,1.1007259006802312,0.7709927877267012,0.3136138142097699
KIC9778067,0.4589359550689011,-1.032491426265109,-2.3791624056208858,0.618066081421424,0.18915304975127895,0.10049082552824777,0.5076764820816999,0.1140204658800335,-0.2747573878163943,0.69302794220753,0.31172142573587647,0.14545660710566266
KIC10491771,0.8120216479379552,0.4741871208726055,-0.2489120690427722,0.02606875038764588,0.10088162653401543,0.10173386286125015,0.49772204125656855,0.10938119653686398,0.2392378040014059,-0.3979001115078841,0.2544581072368096,0.09443401935323752
KIC3534307,-0.9113728053514752,0.0023447288864170937,-0.9407457063894024,-0.8091935619855837,0.1240003326147273,0.09651321654262937,0.6221525515707107,0.11846881490619911,-1.3448019235098163,-0.5569471172856959,0.5607220274376008,0.14560641374025032
KIC10118942,0.30971521582066996,-1.3595639934373527,-1.3638094414574857,0.7282710358330975,0.12820373372031127,0.08842981912741545,0.3589124681358322,0.125347866040534,-0.2981208056262949,1.011121953763154,0.28661329588739176,0.13526739618867034
KIC7383120,-0.35021875775601435,0.4849108115995631,-0.3036614935809947,-0.4839609734908526,0.12189863206193531,0.09784449621067758,0.49772204125656855,0.11704403542010292,-0.6672628070227152,-0.6622317549132614,0.3662306344458131,0.11923527349672548
KIC9457728,0.3685628312988456,-0.5928201064597984,-0.5475452937967132,0.4800386132012134,0.10298332708680742,0.056997198039121066,0.3589124681358322,0.11363208938791645,-0.25139397000649477,0.2987705757723908,0.30222520994467594,0.08009293122511431
KIC9542776,0.26978290531762217,-1.6759128698826387,-0.5276364121464505,1.5511569042968312,0.18284794809290297,0.19569097918219913,0.5026992616691343,0.12031497856034416,0.6410885903316869,1.7615550091936747,0.38672151859247644,0.32513073896198025
KIC12507240,-0.12113339750168764,-0.5499253435519607,0.3533316008776758,0.3317694941009476,0.20386495362082285,0.08042768045219113,0.8710135721989949,0.11440306015771937,0.5709983369019872,0.563102219177768,0.4906317740079008,0.13440592037561566
KIC11904151,-1.1930006794256016,1.2891876161214764,-0.3136159344061261,-1.6639833778404503,0.15552584090660712,0.016085536090438227,0.3589124681358322,0.04193793559442585,-1.5410546331129764,-1.3947440209603668,0.0700902534297001,0.016800740046951958
VZ_Hya A,0.9044964722608027,1.0800756469457762,-0.741656889886775,-0.25207197192831127,0.3152550829187982,0.026809226817397044,0.5972664495078822,0.13415740486965647,0.10840266426596558,-0.8369594514015619,0.04205415205782006,0.011200493364634639
KIC7880676,0.11425706441101503,-0.7697610034546184,0.49269377242951495,0.8136618371966612,0.11769523095635134,0.10317801668732265,0.4927448208440029,0.11857520755521893,0.8793954519926669,0.8184734678914375,0.6132544837823469,0.17055574855112357
KIC10963065,0.21303699039223847,1.0693519562188185,-0.4728869876082279,-0.901894201359844,0.09457652487563947,0.03649868939126449,0.3589124681358322,0.1119177425821549,-0.5457730344112349,-1.0004866545252276,0.2075008244176999,0.0390156643828311
KIC12735580,-0.0938112903153918,-0.5874582610963172,0.5524204173803032,0.24303497928742782,0.13450883537868724,0.15817443822264254,0.7465830618848528,0.1200014888815877,-0.363538375494015,0.27188939169726767,0.7476293699168012,0.2016088805634235
KIC6593461,-0.8357115854509637,0.4795489662360819,1.4483200916421264,-0.7719900954824717,0.21227175583199082,0.1313652114052455,0.7465830618848528,0.11732026148782054,-1.4382555947494167,-0.8929619182247349,0.7242659521069011,0.15680690710488496
V568_Lyr A,-1.155170069475346,0.3991212857838925,1.647408908144754,-0.9451486890486461,0.21017005527919883,0.05361845363479409,0.24886102062828427,0.10675799996202967,-0.8074433138821155,-0.6465510642027731,0.03738146849584006,0.03584157876683085
KIC3656476,-1.1152377589722982,0.6779372446848244,1.413479548754167,-1.0905337977686296,0.11769523095635134,0.038664816778267296,0.49772204125656855,0.11569521203458076,-0.8074433138821155,-0.8347193527286347,0.189881791127609,0.041305378607545275
KIC9697131,0.5808345871308365,-0.41051736410149714,0.8012814380085874,0.5543764000793892,0.1450173381426472,0.04581162686738134,0.3589124681358322,0.10983123507883072,0.8793954519926669,0.5227804430650833,0.28432990175556655,0.06629441404516369
KIC11919192,1.205039651310057,-0.9895966633572738,-1.13983452289203,1.247746211426695,0.17023774477615106,0.10455598458784847,0.8710135721989949,0.1122059047334531,1.6457155561573888,1.347136754702193,0.7943562055366011,0.23521036065732745
KIC6278762,-2.4561227116535864,2.4473462146330247,-2.1452330462302984,-3.1979856100899595,0.15552584090660712,0.013404613408698522,0.3589124681358322,0.07086884015934412,-2.3774649907073977,-2.1070953989511296,0.04672683561980007,0.010080444028171176
KIC11454149,0.4631393561744851,1.4285955955719398,-0.9059051635014427,-0.9047832913736795,0.1092884287451834,0.09244652428571552,0.49772204125656855,0.11305075817622445,-0.49904619879143486,-1.1998554364157241,0.2626420694615756,0.06634945726598135
KIC10324098,0.32652882024300584,-1.0271295809016303,-0.33352481605638873,0.8521533210186866,0.1429156375898552,0.08732956285607882,0.5026992616691343,0.1204564640061254,0.3654002601748667,0.9439189935753456,0.5760753038120632,0.15926772654713306
KIC11772920,-1.686900309331719,2.130997338187744,-0.20411708532968098,-2.5456782470325447,0.11979693150914333,0.05361845363479409,0.49772204125656855,0.12384729613211645,-1.9288873687573174,-1.8808454329855102,0.23279157563350147,0.041305378607545275
KIC10290021,0.0007652345602476726,-0.7965702302720149,0.5524204173803032,0.7226556415347595,0.11769523095635134,0.07774675777045142,0.6221525515707107,0.11585592684152005,0.5709983369019872,0.8095130731997299,0.5607220274376008,0.14560641374025032
HS_Aur B,-2.1324608265236202,2.1256354928242622,0.2040149885007052,-2.6789147575522687,0.15132243980102314,0.16085536090438227,0.04977220412565685,0.12966281526621024,-1.7326346591541568,-1.8248429661623369,0.07943562055366013,0.06720296018780783
KIC6116048,-0.29977794448900663,0.9245821314048738,-1.0054495717527563,-1.0650530890892236,0.10298332708680742,0.03433256200426168,0.4927448208440029,0.09944247095555842,-0.8822062508737958,-1.007206950544008,0.18279024291644963,0.03674034996208899
EPIC206064711,0.7321570269318596,0.23290407951603248,-0.6421124816354612,0.12296917420243693,0.14922073924823118,0.05898029899827349,0.3981776330052548,0.10431163367769228,0.10372998070398609,-0.26573428980519503,0.23363417809900036,0.06720296018780783
EPIC206368174,-0.005539867098128292,-0.2871949207414724,0.7515092338829307,0.27658383647269935,0.13661053593147923,0.06970398972523231,0.2986332247539411,0.11635636627529584,0.33736415880298665,0.20468643150945975,0.3738146849584006,0.1120049336463464
EPIC206078331,-0.8525251898732995,1.0854374923092573,-0.6421124816354612,-1.2704579003296645,0.16393264311777508,0.06434214436175291,0.5474942453822254,0.11786171233448715,-1.4382555947494167,-1.2513777058930435,0.1869073424792003,0.06720296018780783
KIC9226926,1.4236165088004238,0.25435146096994776,-0.8909735022637456,0.29721016306777615,0.176542846434527,0.06702306704349262,0.4479498371309117,0.10869879659689062,0.6644520081415864,-0.10892738270031042,0.2102707602891003,0.06720296018780783
KIC_6131659 A,-1.1656785722393057,2.156549623806674,-0.7914290940124318,-2.2028137813917406,0.29423807739087837,0.02376207561429247,0.49772204125656855,0.14819188136506162,-1.5223638988650563,-1.8114023741247753,0.03270878493386005,0.006720296018780784
KIC9880787,-0.29557454338342265,-1.112919106717301,-1.3090600169192632,0.4821095338241019,0.11769523095635134,0.05520357673554999,0.5076764820816999,0.11588481586812147,-0.3728837426179751,0.7288695209743603,0.255088592070042,0.08817276063395946
V1229_Tau A,8.008244340697722,0.8012596880448491,0.5524204173803032,2.879406196381077,1.3030543427310326,0.10187506190610876,0.24886102062828427,0.46787764328425335,4.547452048146973,0.34805274657678326,0.1261624561734602,0.08288365089829633
KIC9093289,0.14788427325568684,0.5546148013247949,0.19903776808813953,-0.20133415400063095,0.11979693150914333,0.07921956895861572,0.49772204125656855,0.12048681508339035,-0.050468576841353766,-0.5390263279022804,0.2899590014592163,0.07427163419777254
KIC10454113,-0.037065375390008114,1.1605033273979704,-0.019959930064750622,-0.4432940801645711,0.09457652487563947,0.028874420952706606,0.49772204125656855,0.11852579756504875,-0.20933981794867415,-0.9713653717771776,0.17982244588443252,0.03106370470844033
KIC8114155,-0.953406816407315,-0.07808295156577232,0.3483543804651101,-0.41987333811534566,0.1261020331675193,0.11835753940413056,0.49772204125656855,0.11999843611496148,-0.8635155166258758,-0.33741744733885676,0.27676854919090016,0.11799416405913203
EPIC206189649,-0.2787609389610868,-1.0539388077190268,-0.6421124816354612,1.203926373056808,0.16393264311777508,0.06434214436175291,0.5474942453822254,0.24468882292004981,-0.363538375494015,0.6975081395533839,0.2803610137188004,0.1120049336463464
KIC8321567,-0.9891357258047788,-0.19604354956232062,0.41305824582846407,-0.5085314894063515,0.12189863206193531,0.061134443166209876,0.5026992616691343,0.12466068612140183,-0.8167886810060756,-0.22989271103836414,0.2711101413468383,0.0762950115981433
KIC3344897,0.8729709639689228,-1.1450901788981762,0.054698376123734654,1.1714212374484934,0.174441145881735,0.08847044849741025,0.6221525515707107,0.11904847238024745,1.4120813780583883,1.459141688348539,0.7943562055366011,0.2016088805634235
KIC4465529,0.27398630642320615,0.0881342547020877,0.3782177029405042,0.20227988537277958,0.10298332708680742,0.05520357673554999,0.49772204125656855,0.11732813906838592,0.34670952592694665,-0.07084570526055237,0.2629427622280304,0.06857044125852398
SW_CMa B,3.9624707765731455,-0.732228085910262,3.2898916442914303,2.5469854548703297,0.3152550829187982,0.08042768045219113,0.7465830618848528,0.12029556754214181,4.005420754957292,1.80859708132514,0.08410830411564012,0.09408414426293098
KIC4842436,-1.10683095676113,-0.11561586911013119,0.9456208299729925,-0.36158970314570726,0.13240713482589525,0.1274496093424929,0.49772204125656855,0.12347423688301427,-0.7420257440143955,-0.26573428980519503,0.2860806516028935,0.1243302556147534
KIC8424992,-0.8567285909788835,1.3857008326641045,-0.37831979976947994,-1.560194202996343,0.11979693150914333,0.04083459771698753,0.5026992616691343,0.1175382454801967,-1.4896551139311962,-1.4261054023813438,0.2215955827328818,0.04308915830978966
KIC3730801,-0.6738806428859806,0.10421979079252655,1.0700513402871346,-0.3362090648738691,0.12189863206193531,0.07037577841229904,0.49772204125656855,0.11741032783453594,-0.03645052615541425,-0.209731822982022,0.4230090729638482,0.1094484314706105
EPIC205974115,-0.19679461740219922,0.6779372446848244,-0.09461823625323594,-0.1008568345825579,0.14922073924823118,0.06434214436175291,0.3981776330052548,0.1848117450630662,-0.45699204673361526,-0.7361550111198498,0.1869073424792003,0.06720296018780783
KIC6612225,0.3349356224541738,-0.5070305806441254,-1.423536086408274,0.5656076281557172,0.11349182985076736,0.05994725358790987,0.49772204125656855,0.11675634708992606,-0.28877543850233484,0.2114067275282403,0.3110080832496917,0.11072860849576716
EPIC205962429,-0.2787609389610868,-0.6089056425502348,-0.9407457063894024,0.24396110072014468,0.13661053593147923,0.06434214436175291,0.3981776330052548,0.11536893639216418,-0.45699204673361526,0.22708741823872905,0.1869073424792003,0.08960394691707711
KIC3633847,-0.19469291684940723,-0.48558319919021015,0.8510536421342443,0.49498126397277603,0.1071867281923914,0.0916043078425263,0.49772204125656855,0.1222529047426834,0.17382023413368575,0.3794141279977603,0.49961003490693107,0.119494380750696
KIC6129877,-0.31659154891134256,0.7208320075926596,0.01488061282320917,-0.5919108483230686,0.15132243980102314,0.08732956285607882,0.49772204125656855,0.11535555499588356,-0.6205359714029152,-0.8078381686535115,0.3220741568367553,0.08620742599944009
KIC9579208,0.43581724898818924,-0.4641358177362901,-0.5923402775098044,0.40328591047466933,0.11769523095635134,0.05303579571807201,0.3589124681358322,0.1123187670190309,-0.20466713438669465,0.20692653018238644,0.2690908361042245,0.06920866580414481
KIC9762786,0.5619192821557085,-0.6089056425502348,0.5524204173803032,0.8629242975419327,0.1092884287451834,0.07506583508871173,0.7465830618848528,0.11707810169215149,0.6177251725217863,0.6079041926363067,0.7709927877267012,0.24641085402196206
V565_Lyr A,-1.291780605406825,1.3320823790293117,1.647408908144754,-1.6526082840554872,0.19966155251523887,0.026809226817397044,0.24886102062828427,0.09960889912884877,-1.181257998840516,-1.3163405674079243,0.014018050685940022,0.015680690710488495
KIC10003270,0.7973097440684112,-1.3702876841643128,-0.647089702048027,1.3394426788830605,0.1450173381426472,0.12123865969793592,0.49772204125656855,0.12853705299836696,0.7859417807530668,1.508423859152932,0.7258976685133649,0.23904791656848132
KIC5309966,0.297105012503918,0.14711455370036186,0.7515092338829307,0.1962189020395854,0.12820373372031127,0.07774675777045142,0.7465830618848528,0.11304889119593348,0.4308178300425869,-0.10892738270031042,0.4906317740079008,0.12320542701098103
KIC10214328,1.4887692259369754,-0.37834629192061947,-2.652909528311998,0.7128811154154113,0.16813604422335907,0.1180274279018448,0.5076764820816999,0.10270787334478053,-0.08317736177521437,0.17108495141555555,0.34619601746158557,0.11824326493146445
WZ_Oph A,-0.10431979307935174,0.6993846261387396,-1.090062318766373,-0.4850200037814277,0.21017005527919883,0.04289476290783527,0.348405428879598,0.09657418406634648,-0.09719541246115387,-0.6443109655298459,0.03270878493386005,0.026881184075123136
KIC12055375,-0.4700156892651577,-0.12097771447360763,-1.438467747645971,-0.5204426821212005,0.1576275414593991,0.13672705676872493,0.7465830618848529,0.11455715742607753,-0.9709872385514154,-0.3329372499930029,0.654175698677201,0.2016088805634235
KIC12009504,-0.0748959853402639,0.5749898137060168,-0.14439044037889276,-0.4866101094703949,0.1618309425649831,0.03243916444905042,0.49772204125656855,0.058189129850825756,-0.36914559576839046,-0.6429669063260899,0.1376105309003112,0.030241332084513527
CO_And B,-0.0938112903153918,-0.11561586911013119,0.30355939675201893,0.030775493057680695,0.27322107186295846,0.04825660827131467,0.7465830618848528,0.1272364961172548,0.07569387933210601,0.012037945637743791,0.03270878493386005,0.03808167743975777
KIC10909629,0.6018515926587563,-1.0753861891729444,-1.2244472699056463,0.9579979005615104,0.12820373372031127,0.06733278824144635,0.5026992616691343,0.11065227241252484,0.25325585468734646,0.9483991909212,0.5177950974556645,0.13819322177510365
KIC8915084,-0.8357115854509637,0.20073300733515478,0.7017370297572738,-0.3998327985386157,0.1261020331675193,0.07958732546399802,0.49772204125656855,0.11417391961028783,-0.5457730344112349,-0.4203010982371534,0.41895609316763777,0.09027330190702607
KIC6196457,-0.7222197556001962,-0.29255676610494885,1.1994590710138424,-0.1290417796788049,0.19755985196244688,0.024128304135657343,0.3589124681358322,0.07084097502066683,-0.1813037165767941,0.061320116442136245,0.11448074726851018,0.026881184075123136
KIC7591963,-0.5225582030849574,-0.6089056425502348,0.30853661716458464,0.23342764797295962,0.12820373372031127,0.08166919543397506,0.49772204125656855,0.119845127427603,-0.2233578686346147,0.3234116611745868,0.25435540455779826,0.10726775122925582
KIC3761840,0.04490094616887943,-2.029794663872279,0.30853661716458464,1.7111109599289607,0.12820373372031127,0.0847782190510417,0.49772204125656855,0.11809648646185666,1.3560091753146282,2.5209484593159033,0.3170310907334351,0.16622499252289322
BW_Aqr B,0.49466486446636493,-0.1531487866544853,-0.09461823625323594,0.41584181900717127,0.21017005527919883,0.11796059799654698,0.5474942453822254,0.11356147257678215,0.6037071218358467,0.22260722089287518,0.09345367123960015,0.08960394691707711
KIC2837475,0.839343755124251,0.3213745280134413,0.30355939675201893,0.360662712456031,0.1618309425649831,0.0353881793989641,0.49772204125656855,0.054809439151762666,0.8471539354150053,-0.11228753070970045,0.09322003706150114,0.036961628103294314
KIC8554498,-0.5666939146935891,-0.5177542713710878,1.0999146627625287,0.012948343709449625,0.1261020331675193,0.016085536090438227,0.24886102062828427,0.05757343969534362,-0.2373759193205542,0.23604781293043678,0.11681708904950018,0.033601480093903915
KIC10129349,1.0179883021115699,0.5492529559613185,0.4777621111918179,0.2051414018662422,0.11769523095635134,0.09501214191031511,0.49772204125656855,0.1170883973015175,0.6223978560837669,-0.3463778420305645,0.26823576275941013,0.09016780050890089
KIC10070754,0.7048349197455637,1.0479045747649034,-0.7914290940124318,-0.5144739413471072,0.12189863206193531,0.07970956178597584,0.4927448208440029,0.1122626224364624,-0.21868518507263418,-0.9064025102622965,0.2618507073722904,0.06414666392610113
V505_Per B,0.5198852710998688,1.2141217810327634,-0.3434792568815201,-0.5036888757575999,0.025220406633503858,0.05361845363479409,0.14931661237697055,0.03169494796836421,0.028967043712305907,-0.9444841877020546,0.004672683561980007,0.03136138142097699
VZ_Cep B,-1.0395765390717866,1.836095843196373,0.5524204173803032,-1.6475833079642215,0.2522040663350386,0.1769408969948205,0.4479498371309117,0.17272275425993192,-0.6532447563367747,-1.412664810343782,0.03738146849584006,0.08960394691707711
KIC11807274,0.021782240088167554,0.16856193515427711,-0.1891854240919839,-0.06935033530017085,0.1576275414593991,0.04289476290783527,0.3589124681358322,0.06301643496825257,-0.04112320971739374,-0.23885310573007185,0.1869073424792003,0.040321776112684705
KIC4141376,-0.16947251021590337,1.653793100838074,-1.0850850983538074,-1.3285805063850176,0.19125475030407094,0.018766458772177932,0.3589124681358322,0.05356011153673083,-1.0691135933529963,-1.455226685129394,0.1191534308304902,0.02016088805634235
V1229_Tau B,2.2012457133334595,0.6832990900483008,0.5524204173803032,0.735793501872312,0.7986462100609555,0.12868428872350582,0.24886102062828427,0.38289174163030193,1.482171631488088,-0.22765261236543746,0.0700902534297001,0.09408414426293098
KIC9962623,-0.6339483323829328,0.21145669806211242,-0.7764974327747347,-0.7589479009244908,0.34888229176347,0.08414622914604744,0.5026992616691343,0.11729664238797295,-1.218639467336356,-0.6577515575674074,0.37633832662008443,0.09236572711447257
KIC6689943,-0.42798167820931793,0.34550283214909955,0.2438327518012307,-0.1678407900243448,0.11349182985076736,0.06724570687772953,0.49772204125656855,0.11527068360338888,-0.32615690699817496,-0.4695832690415454,0.32395008438907846,0.08668121496632859
KIC5214711,-0.04337047704838408,-0.5928201064597984,0.12935668231221994,0.5013713702671284,0.11349182985076736,0.1274496093424929,0.49772204125656855,0.11212883616018199,0.0336397272742854,0.4018151147270296,0.34393313418500565,0.16037765654234973
KIC8349582,-1.0837122506804182,0.3186936053317031,1.5876822631939658,-0.8868271503668864,0.15552584090660712,0.018766458772177932,0.3589124681358322,0.06576236003546071,-0.8401520988159752,-0.608469386763015,0.09345367123960015,0.02352103606573274
KIC12069424,-0.8188979810286278,0.9819538767941032,0.7515092338829307,-1.1717584659286446,0.10508502763959941,0.0353881793989641,0.14931661237697055,0.0625732324540469,-0.9284658181373979,-1.0596252594904982,0.09322003706150114,0.026881184075123136
EPIC206453540,0.6501907053729721,-0.3193659929223501,0.15424278437504838,0.68290245767311,0.16393264311777508,0.05898029899827349,0.5474942453822254,0.11236251753457592,0.8046325150009868,0.40629531207288344,0.3738146849584006,0.1120049336463464
KIC3456181,0.3559526279820937,-0.8287413024528926,-0.49279586925849067,0.9198338017204374,0.1618309425649831,0.04423522424870512,0.49772204125656855,0.0505084913249848,1.1667654910544378,1.029714772748447,0.11541528398090617,0.060482664169027055
KIC6450651,-0.4616088870539897,-0.5016687352806489,-0.3434792568815201,-0.18681725644819328,0.1450173381426472,0.10991782995132789,0.7465830618848528,0.11625393991661749,-0.6906262248326148,0.07028051113384397,0.700902534297001,0.2240098672926928
KIC7510397,-0.09170958976259981,-0.3627969403665321,-0.7914290940124318,0.4043823790607539,0.1618309425649831,0.029490149499136746,0.49772204125656855,0.04341443530517369,0.563054774846621,0.3780700687940038,0.09765908644538214,0.0403217761126847
KIC5450445,-0.2157099223773271,-0.6357148693676337,0.5026482132546464,0.5497099922425734,0.176542846434527,0.04825660827131467,0.4479498371309117,0.11479596132967011,0.6644520081415864,0.6751071528241145,0.3037244315287005,0.08960394691707711
